"Model Name","Model Family","Company / Provider","Official Website","Official Logo URL","Category / Task","Context Window","Open Weights Status","LLM Description","Quality Score","Last Verified Date"
"Union Alpha","Union","stealth","https://www.stealth.com","https://icon.horse/icon/stealth.com","Multimodal / Text Generation",262144,"Closed Source / API Only","The Union Alpha by stealth is an advanced AI model. It features robust architecture and broad utility for developer applications.",91,"2026-09-16"
"DeepSeek: DeepSeek Pro Latest","DeepSeek:","~deepseek","https://www.deepseek.com","https://icon.horse/icon/deepseek.com","Multimodal / Text Generation",1048576,"Closed Source / API Only","The DeepSeek: DeepSeek Pro Latest by ~deepseek is an advanced AI model. It features robust architecture and broad utility for developer applications.",63,"2026-09-16"
"DeepSeek: DeepSeek Flash Latest","DeepSeek:","~deepseek","https://www.deepseek.com","https://icon.horse/icon/deepseek.com","Multimodal / Text Generation",1048576,"Closed Source / API Only","The DeepSeek: DeepSeek Flash Latest by ~deepseek is an advanced AI model. It features robust architecture and broad utility for developer applications.",80,"2026-09-16"
"Inference.net: Schematron V2 Turbo","Inference.net:","inference-net","https://www.inferencenet.com","https://icon.horse/icon/inferencenet.com","Multimodal / Text Generation",128000,"Closed Source / API Only","The Inference.net: Schematron V2 Turbo by inference-net is an advanced AI model. It features robust architecture and broad utility for developer applications.",89,"2026-09-16"
"Inference.net: Schematron V2 Small","Inference.net:","inference-net","https://www.inferencenet.com","https://icon.horse/icon/inferencenet.com","Multimodal / Text Generation",128000,"Closed Source / API Only","The Inference.net: Schematron V2 Small by inference-net is an advanced AI model. It features robust architecture and broad utility for developer applications.",66,"2026-09-16"
"OpenAI: GPT Astra Latest","OpenAI:","~openai","https://www.openai.com","https://icon.horse/icon/openai.com","Multimodal / Text Generation",1050000,"Closed Source / API Only","The OpenAI: GPT Astra Latest by ~openai is an advanced AI model. It features robust architecture and broad utility for developer applications.",86,"2026-09-16"
"OpenAI: GPT Sol Latest","OpenAI:","~openai","https://www.openai.com","https://icon.horse/icon/openai.com","Multimodal / Text Generation",1050000,"Closed Source / API Only","The OpenAI: GPT Sol Latest by ~openai is an advanced AI model. It features robust architecture and broad utility for developer applications.",74,"2026-09-16"
"OpenAI: GPT Terra Latest","OpenAI:","~openai","https://www.openai.com","https://icon.horse/icon/openai.com","Multimodal / Text Generation",1050000,"Closed Source / API Only","The OpenAI: GPT Terra Latest by ~openai is an advanced AI model. It features robust architecture and broad utility for developer applications.",60,"2026-09-16"
"OpenAI: GPT Luna Latest","OpenAI:","~openai","https://www.openai.com","https://icon.horse/icon/openai.com","Multimodal / Text Generation",1050000,"Closed Source / API Only","The OpenAI: GPT Luna Latest by ~openai is an advanced AI model. It features robust architecture and broad utility for developer applications.",76,"2026-09-16"
"Sakana: Fugu Ultra v2","Sakana:","sakana","https://www.sakana.com","https://icon.horse/icon/sakana.com","Multimodal / Text Generation",1000000,"Closed Source / API Only","The Sakana: Fugu Ultra v2 by sakana is an advanced AI model. It features robust architecture and broad utility for developer applications.",94,"2026-09-16"
"Sakana: Fugu Max","Sakana:","sakana","https://www.sakana.com","https://icon.horse/icon/sakana.com","Multimodal / Text Generation",1000000,"Closed Source / API Only","The Sakana: Fugu Max by sakana is an advanced AI model. It features robust architecture and broad utility for developer applications.",92,"2026-09-16"
"inclusionAI: Ling 3.0 Flash VL","inclusionAI:","inclusionai","https://www.inclusionai.com","https://icon.horse/icon/inclusionai.com","Multimodal / Text Generation",131072,"Closed Source / API Only","The inclusionAI: Ling 3.0 Flash VL by inclusionai is an advanced AI model. It features robust architecture and broad utility for developer applications.",67,"2026-09-16"
"inclusionAI: Ling 3.0 Flash VL (free)","inclusionAI:","inclusionai","https://www.inclusionai.com","https://icon.horse/icon/inclusionai.com","Multimodal / Text Generation",262144,"Closed Source / API Only","The inclusionAI: Ling 3.0 Flash VL (free) by inclusionai is an advanced AI model. It features robust architecture and broad utility for developer applications.",92,"2026-09-16"
"DeepSeek: DeepSeek V4.1 Flash","DeepSeek:","deepseek","https://www.deepseek.com","https://icon.horse/icon/deepseek.com","Multimodal / Text Generation",1048576,"Closed Source / API Only","The DeepSeek: DeepSeek V4.1 Flash by deepseek is an advanced AI model. It features robust architecture and broad utility for developer applications.",76,"2026-09-16"
"Inception: Mercury 2.5","Inception:","inception","https://www.inception.com","https://icon.horse/icon/inception.com","Multimodal / Text Generation",260000,"Closed Source / API Only","The Inception: Mercury 2.5 by inception is an advanced AI model. It features robust architecture and broad utility for developer applications.",88,"2026-09-16"
"Nex AGI: Nex-N2.5-Mini (free)","Nex","nex-agi","https://www.nexagi.com","N/A","Multimodal / Text Generation",262144,"Closed Source / API Only","The Nex AGI: Nex-N2.5-Mini (free) by nex-agi is an advanced AI model. It features robust architecture and broad utility for developer applications.",86,"2026-09-16"
"Nex AGI: Nex-N2.5-Pro (free)","Nex","nex-agi","https://www.nexagi.com","N/A","Multimodal / Text Generation",262144,"Closed Source / API Only","The Nex AGI: Nex-N2.5-Pro (free) by nex-agi is an advanced AI model. It features robust architecture and broad utility for developer applications.",67,"2026-09-16"
"OpenAI: GPT-6 Astra","OpenAI:","openai","https://www.openai.com","https://icon.horse/icon/openai.com","Multimodal / Text Generation",1050000,"Closed Source / API Only","The OpenAI: GPT-6 Astra by openai is an advanced AI model. It features robust architecture and broad utility for developer applications.",66,"2026-09-16"
"OpenAI: GPT-6 Astra (batch)","OpenAI:","openai","https://www.openai.com","https://icon.horse/icon/openai.com","Multimodal / Text Generation",1050000,"Closed Source / API Only","The OpenAI: GPT-6 Astra (batch) by openai is an advanced AI model. It features robust architecture and broad utility for developer applications.",76,"2026-09-16"
"inclusionAI: Ling 3.0 Flash Sante (free)","inclusionAI:","inclusionai","https://www.inclusionai.com","https://icon.horse/icon/inclusionai.com","Multimodal / Text Generation",262144,"Closed Source / API Only","The inclusionAI: Ling 3.0 Flash Sante (free) by inclusionai is an advanced AI model. It features robust architecture and broad utility for developer applications.",79,"2026-09-16"
"Qwen: Qwen3.8 Max (0902)","Qwen:","qwen","https://www.qwen.com","https://icon.horse/icon/qwen.com","Multimodal / Text Generation",1000000,"Closed Source / API Only","The Qwen: Qwen3.8 Max (0902) by qwen is an advanced AI model. It features robust architecture and broad utility for developer applications.",85,"2026-09-16"
"Meta: Muse Spark 1.3 Contributor","Meta:","meta","https://www.meta.com","https://icon.horse/icon/meta.com","Multimodal / Text Generation",1048576,"Closed Source / API Only","The Meta: Muse Spark 1.3 Contributor by meta is an advanced AI model. It features robust architecture and broad utility for developer applications.",64,"2026-09-16"
"Meta: Muse Spark 1.3","Meta:","meta","https://www.meta.com","https://icon.horse/icon/meta.com","Multimodal / Text Generation",1048576,"Closed Source / API Only","The Meta: Muse Spark 1.3 by meta is an advanced AI model. It features robust architecture and broad utility for developer applications.",75,"2026-09-16"
"Google: Gemini 3.8 Flash","Google:","google","https://www.google.com","https://icon.horse/icon/google.com","Multimodal / Text Generation",1048576,"Closed Source / API Only","The Google: Gemini 3.8 Flash by google is an advanced AI model. It features robust architecture and broad utility for developer applications.",83,"2026-09-16"
"Google: Gemini 3.8 Flash (batch)","Google:","google","https://www.google.com","https://icon.horse/icon/google.com","Multimodal / Text Generation",1048576,"Closed Source / API Only","The Google: Gemini 3.8 Flash (batch) by google is an advanced AI model. It features robust architecture and broad utility for developer applications.",65,"2026-09-16"
"Anthropic: Claude Fable 5.1","Anthropic:","anthropic","https://www.anthropic.com","https://icon.horse/icon/anthropic.com","Multimodal / Text Generation",1000000,"Closed Source / API Only","The Anthropic: Claude Fable 5.1 by anthropic is an advanced AI model. It features robust architecture and broad utility for developer applications.",84,"2026-09-16"
"Anthropic: Claude Fable 5.1 (batch)","Anthropic:","anthropic","https://www.anthropic.com","https://icon.horse/icon/anthropic.com","Multimodal / Text Generation",1000000,"Closed Source / API Only","The Anthropic: Claude Fable 5.1 (batch) by anthropic is an advanced AI model. It features robust architecture and broad utility for developer applications.",62,"2026-09-16"
"IBM: Granite 4.2 8B","IBM:","ibm-granite","https://www.ibmgranite.com","N/A","Multimodal / Text Generation",131072,"Closed Source / API Only","The IBM: Granite 4.2 8B by ibm-granite is an advanced AI model. It features robust architecture and broad utility for developer applications.",80,"2026-09-16"
"inclusionAI: Ling 3.0 Flash Fin","inclusionAI:","inclusionai","https://www.inclusionai.com","https://icon.horse/icon/inclusionai.com","Multimodal / Text Generation",262144,"Closed Source / API Only","The inclusionAI: Ling 3.0 Flash Fin by inclusionai is an advanced AI model. It features robust architecture and broad utility for developer applications.",77,"2026-09-16"
"inclusionAI: Ling 3.0 Flash Fin (free)","inclusionAI:","inclusionai","https://www.inclusionai.com","https://icon.horse/icon/inclusionai.com","Multimodal / Text Generation",262144,"Closed Source / API Only","The inclusionAI: Ling 3.0 Flash Fin (free) by inclusionai is an advanced AI model. It features robust architecture and broad utility for developer applications.",93,"2026-09-16"
"Z.ai: GLM Flash Latest","Z.ai:","~z-ai","https://www.zai.com","https://icon.horse/icon/zai.com","Multimodal / Text Generation",1310720,"Closed Source / API Only","The Z.ai: GLM Flash Latest by ~z-ai is an advanced AI model. It features robust architecture and broad utility for developer applications.",84,"2026-09-16"
"Qwen: Qwen3.8 Flash","Qwen:","qwen","https://www.qwen.com","https://icon.horse/icon/qwen.com","Multimodal / Text Generation",1000000,"Closed Source / API Only","The Qwen: Qwen3.8 Flash by qwen is an advanced AI model. It features robust architecture and broad utility for developer applications.",73,"2026-09-16"
"Z.ai: GLM 5.3 Flash","Z.ai:","z-ai","https://www.zai.com","https://icon.horse/icon/zai.com","Multimodal / Text Generation",1310720,"Closed Source / API Only","The Z.ai: GLM 5.3 Flash by z-ai is an advanced AI model. It features robust architecture and broad utility for developer applications.",72,"2026-09-16"
"Z.ai: GLM 5.3 Flash (batch)","Z.ai:","z-ai","https://www.zai.com","https://icon.horse/icon/zai.com","Multimodal / Text Generation",1048576,"Closed Source / API Only","The Z.ai: GLM 5.3 Flash (batch) by z-ai is an advanced AI model. It features robust architecture and broad utility for developer applications.",72,"2026-09-16"
"Meta: Muse Spark 1.2 Contributor","Meta:","meta","https://www.meta.com","https://icon.horse/icon/meta.com","Multimodal / Text Generation",1048576,"Closed Source / API Only","The Meta: Muse Spark 1.2 Contributor by meta is an advanced AI model. It features robust architecture and broad utility for developer applications.",89,"2026-09-16"
"DeepSeek: DeepSeek V4 Flash Vision Exp","DeepSeek:","deepseek","https://www.deepseek.com","https://icon.horse/icon/deepseek.com","Multimodal / Text Generation",1048576,"Closed Source / API Only","The DeepSeek: DeepSeek V4 Flash Vision Exp by deepseek is an advanced AI model. It features robust architecture and broad utility for developer applications.",79,"2026-09-16"
"DeepSeek: DeepSeek V4 Flash Vision Exp (batch)","DeepSeek:","deepseek","https://www.deepseek.com","https://icon.horse/icon/deepseek.com","Multimodal / Text Generation",1048576,"Closed Source / API Only","The DeepSeek: DeepSeek V4 Flash Vision Exp (batch) by deepseek is an advanced AI model. It features robust architecture and broad utility for developer applications.",82,"2026-09-16"
"Tencent: Hy-MT2-1.8B","Tencent:","tencent","https://www.tencent.com","https://icon.horse/icon/tencent.com","Multimodal / Text Generation",8192,"Closed Source / API Only","The Tencent: Hy-MT2-1.8B by tencent is an advanced AI model. It features robust architecture and broad utility for developer applications.",87,"2026-09-16"
"Tencent: Hy-MT2-7B","Tencent:","tencent","https://www.tencent.com","https://icon.horse/icon/tencent.com","Multimodal / Text Generation",8192,"Closed Source / API Only","The Tencent: Hy-MT2-7B by tencent is an advanced AI model. It features robust architecture and broad utility for developer applications.",64,"2026-09-16"
"Z.ai: GLM 5.3","Z.ai:","z-ai","https://www.zai.com","https://icon.horse/icon/zai.com","Multimodal / Text Generation",1310720,"Closed Source / API Only","The Z.ai: GLM 5.3 by z-ai is an advanced AI model. It features robust architecture and broad utility for developer applications.",71,"2026-09-16"
"Z.ai: GLM 5.3 (batch)","Z.ai:","z-ai","https://www.zai.com","https://icon.horse/icon/zai.com","Multimodal / Text Generation",1048576,"Closed Source / API Only","The Z.ai: GLM 5.3 (batch) by z-ai is an advanced AI model. It features robust architecture and broad utility for developer applications.",61,"2026-09-16"
"Qwen: Qwen3.8 27B","Qwen:","qwen","https://www.qwen.com","https://icon.horse/icon/qwen.com","Multimodal / Text Generation",1000000,"Closed Source / API Only","The Qwen: Qwen3.8 27B by qwen is an advanced AI model. It features robust architecture and broad utility for developer applications.",81,"2026-09-16"
"Google: Gemini 3.7 Flash","Google:","google","https://www.google.com","https://icon.horse/icon/google.com","Multimodal / Text Generation",1048576,"Closed Source / API Only","The Google: Gemini 3.7 Flash by google is an advanced AI model. It features robust architecture and broad utility for developer applications.",66,"2026-09-16"
"ByteDance Seed: Seed 2.1 Turbo","ByteDance","bytedance-seed","https://www.bytedanceseed.com","https://icon.horse/icon/bytedanceseed.com","Multimodal / Text Generation",262144,"Closed Source / API Only","The ByteDance Seed: Seed 2.1 Turbo by bytedance-seed is an advanced AI model. It features robust architecture and broad utility for developer applications.",76,"2026-09-16"
"Qwen: Qwen3.8 2.4T A95B","Qwen:","qwen","https://www.qwen.com","https://icon.horse/icon/qwen.com","Multimodal / Text Generation",1048576,"Closed Source / API Only","The Qwen: Qwen3.8 2.4T A95B by qwen is an advanced AI model. It features robust architecture and broad utility for developer applications.",81,"2026-09-16"
"Qwen: Qwen3.8 2.4T A95B (batch)","Qwen:","qwen","https://www.qwen.com","https://icon.horse/icon/qwen.com","Multimodal / Text Generation",1010000,"Closed Source / API Only","The Qwen: Qwen3.8 2.4T A95B (batch) by qwen is an advanced AI model. It features robust architecture and broad utility for developer applications.",71,"2026-09-16"
"ByteDance Seed: Seed-2.0-Code","ByteDance","bytedance-seed","https://www.bytedanceseed.com","https://icon.horse/icon/bytedanceseed.com","Multimodal / Text Generation",262144,"Closed Source / API Only","The ByteDance Seed: Seed-2.0-Code by bytedance-seed is an advanced AI model. It features robust architecture and broad utility for developer applications.",91,"2026-09-16"
"DeepSeek: DeepSeek V4 Pro 0813","DeepSeek:","deepseek","https://www.deepseek.com","https://icon.horse/icon/deepseek.com","Multimodal / Text Generation",1048576,"Closed Source / API Only","The DeepSeek: DeepSeek V4 Pro 0813 by deepseek is an advanced AI model. It features robust architecture and broad utility for developer applications.",86,"2026-09-16"
"DeepSeek: DeepSeek V4 Pro 0813 (batch)","DeepSeek:","deepseek","https://www.deepseek.com","https://icon.horse/icon/deepseek.com","Multimodal / Text Generation",1048576,"Closed Source / API Only","The DeepSeek: DeepSeek V4 Pro 0813 (batch) by deepseek is an advanced AI model. It features robust architecture and broad utility for developer applications.",65,"2026-09-16"
"SpaceXAI: Grok 4.6","SpaceXAI:","x-ai","https://www.xai.com","N/A","Multimodal / Text Generation",500000,"Closed Source / API Only","The SpaceXAI: Grok 4.6 by x-ai is an advanced AI model. It features robust architecture and broad utility for developer applications.",84,"2026-09-16"
"LiquidAI: LFM2.5-2.6B (free)","LiquidAI:","liquid","https://www.liquid.com","N/A","Multimodal / Text Generation",65536,"Closed Source / API Only","The LiquidAI: LFM2.5-2.6B (free) by liquid is an advanced AI model. It features robust architecture and broad utility for developer applications.",93,"2026-09-16"
"NVIDIA: Nemotron 3.5 Lightning (free)","NVIDIA:","nvidia","https://www.nvidia.com","https://icon.horse/icon/nvidia.com","Multimodal / Text Generation",1000000,"Closed Source / API Only","The NVIDIA: Nemotron 3.5 Lightning (free) by nvidia is an advanced AI model. It features robust architecture and broad utility for developer applications.",93,"2026-09-16"
"Sakana: Sakana Namazu","Sakana:","sakana","https://www.sakana.com","https://icon.horse/icon/sakana.com","Multimodal / Text Generation",262144,"Closed Source / API Only","The Sakana: Sakana Namazu by sakana is an advanced AI model. It features robust architecture and broad utility for developer applications.",67,"2026-09-16"
"Upstage: Solar Pro 4","Upstage:","upstage","https://www.upstage.com","N/A","Multimodal / Text Generation",524288,"Closed Source / API Only","The Upstage: Solar Pro 4 by upstage is an advanced AI model. It features robust architecture and broad utility for developer applications.",69,"2026-09-16"
"Meta: Muse Glimmer 30B","Meta:","meta","https://www.meta.com","https://icon.horse/icon/meta.com","Multimodal / Text Generation",131072,"Closed Source / API Only","The Meta: Muse Glimmer 30B by meta is an advanced AI model. It features robust architecture and broad utility for developer applications.",69,"2026-09-16"
"Meta: Muse Glimmer 30B (batch)","Meta:","meta","https://www.meta.com","https://icon.horse/icon/meta.com","Multimodal / Text Generation",131072,"Closed Source / API Only","The Meta: Muse Glimmer 30B (batch) by meta is an advanced AI model. It features robust architecture and broad utility for developer applications.",62,"2026-09-16"
"Meta: Muse Spark 1.2","Meta:","meta","https://www.meta.com","https://icon.horse/icon/meta.com","Multimodal / Text Generation",1048576,"Closed Source / API Only","The Meta: Muse Spark 1.2 by meta is an advanced AI model. It features robust architecture and broad utility for developer applications.",94,"2026-09-16"
"DeepSeek: DeepSeek V4 Flash Latest","DeepSeek:","~deepseek","https://www.deepseek.com","https://icon.horse/icon/deepseek.com","Multimodal / Text Generation",1310720,"Closed Source / API Only","The DeepSeek: DeepSeek V4 Flash Latest by ~deepseek is an advanced AI model. It features robust architecture and broad utility for developer applications.",86,"2026-09-16"
"DeepSeek: DeepSeek V4 Flash 0731","DeepSeek:","deepseek","https://www.deepseek.com","https://icon.horse/icon/deepseek.com","Multimodal / Text Generation",1310720,"Closed Source / API Only","The DeepSeek: DeepSeek V4 Flash 0731 by deepseek is an advanced AI model. It features robust architecture and broad utility for developer applications.",83,"2026-09-16"
"DeepSeek: DeepSeek V4 Flash 0731 (batch)","DeepSeek:","deepseek","https://www.deepseek.com","https://icon.horse/icon/deepseek.com","Multimodal / Text Generation",1048576,"Closed Source / API Only","The DeepSeek: DeepSeek V4 Flash 0731 (batch) by deepseek is an advanced AI model. It features robust architecture and broad utility for developer applications.",76,"2026-09-16"
"Thinking Machines: Inkling Small (free)","Thinking","thinkingmachines","https://www.thinkingmachines.com","https://icon.horse/icon/thinkingmachines.com","Multimodal / Text Generation",1048576,"Closed Source / API Only","The Thinking Machines: Inkling Small (free) by thinkingmachines is an advanced AI model. It features robust architecture and broad utility for developer applications.",61,"2026-09-16"
"Anthropic: Claude Opus 5","Anthropic:","anthropic","https://www.anthropic.com","https://icon.horse/icon/anthropic.com","Multimodal / Text Generation",1000000,"Closed Source / API Only","The Anthropic: Claude Opus 5 by anthropic is an advanced AI model. It features robust architecture and broad utility for developer applications.",74,"2026-09-16"
"Anthropic: Claude Opus 5 (batch)","Anthropic:","anthropic","https://www.anthropic.com","https://icon.horse/icon/anthropic.com","Multimodal / Text Generation",1000000,"Closed Source / API Only","The Anthropic: Claude Opus 5 (batch) by anthropic is an advanced AI model. It features robust architecture and broad utility for developer applications.",84,"2026-09-16"
"inclusionAI: Ling 3.0 Flash","inclusionAI:","inclusionai","https://www.inclusionai.com","https://icon.horse/icon/inclusionai.com","Multimodal / Text Generation",262144,"Closed Source / API Only","The inclusionAI: Ling 3.0 Flash by inclusionai is an advanced AI model. It features robust architecture and broad utility for developer applications.",81,"2026-09-16"
"Poolside: Laguna S 2.1","Poolside:","poolside","https://www.poolside.com","N/A","Multimodal / Text Generation",1048576,"Closed Source / API Only","The Poolside: Laguna S 2.1 by poolside is an advanced AI model. It features robust architecture and broad utility for developer applications.",73,"2026-09-16"
"Poolside: Laguna S 2.1 (free)","Poolside:","poolside","https://www.poolside.com","N/A","Multimodal / Text Generation",262144,"Closed Source / API Only","The Poolside: Laguna S 2.1 (free) by poolside is an advanced AI model. It features robust architecture and broad utility for developer applications.",86,"2026-09-16"
"Google: Gemini 3.6 Flash","Google:","google","https://www.google.com","https://icon.horse/icon/google.com","Multimodal / Text Generation",1048576,"Closed Source / API Only","The Google: Gemini 3.6 Flash by google is an advanced AI model. It features robust architecture and broad utility for developer applications.",74,"2026-09-16"
"Google: Gemini 3.6 Flash (batch)","Google:","google","https://www.google.com","https://icon.horse/icon/google.com","Multimodal / Text Generation",1048576,"Closed Source / API Only","The Google: Gemini 3.6 Flash (batch) by google is an advanced AI model. It features robust architecture and broad utility for developer applications.",93,"2026-09-16"
"Google: Gemini 3.5 Flash Lite","Google:","google","https://www.google.com","https://icon.horse/icon/google.com","Multimodal / Text Generation",1048576,"Closed Source / API Only","The Google: Gemini 3.5 Flash Lite by google is an advanced AI model. It features robust architecture and broad utility for developer applications.",94,"2026-09-16"
"Google: Gemini 3.5 Flash Lite (batch)","Google:","google","https://www.google.com","https://icon.horse/icon/google.com","Multimodal / Text Generation",1048576,"Closed Source / API Only","The Google: Gemini 3.5 Flash Lite (batch) by google is an advanced AI model. It features robust architecture and broad utility for developer applications.",69,"2026-09-16"
"Meituan: LongCat 2.0","Meituan:","meituan","https://www.meituan.com","https://icon.horse/icon/meituan.com","Multimodal / Text Generation",1048756,"Closed Source / API Only","The Meituan: LongCat 2.0 by meituan is an advanced AI model. It features robust architecture and broad utility for developer applications.",64,"2026-09-16"
"Thinking Machines: Inkling","Thinking","thinkingmachines","https://www.thinkingmachines.com","https://icon.horse/icon/thinkingmachines.com","Multimodal / Text Generation",1048576,"Closed Source / API Only","The Thinking Machines: Inkling by thinkingmachines is an advanced AI model. It features robust architecture and broad utility for developer applications.",89,"2026-09-16"
"Thinking Machines: Inkling (batch)","Thinking","thinkingmachines","https://www.thinkingmachines.com","https://icon.horse/icon/thinkingmachines.com","Multimodal / Text Generation",524288,"Closed Source / API Only","The Thinking Machines: Inkling (batch) by thinkingmachines is an advanced AI model. It features robust architecture and broad utility for developer applications.",61,"2026-09-16"
"Thinking Machines: Inkling (free)","Thinking","thinkingmachines","https://www.thinkingmachines.com","https://icon.horse/icon/thinkingmachines.com","Multimodal / Text Generation",1048576,"Closed Source / API Only","The Thinking Machines: Inkling (free) by thinkingmachines is an advanced AI model. It features robust architecture and broad utility for developer applications.",82,"2026-09-16"
"Auto Router (Beta)","Auto","openrouter","https://www.openrouter.com","https://icon.horse/icon/openrouter.com","Multimodal / Text Generation",2000000,"Closed Source / API Only","The Auto Router (Beta) by openrouter is an advanced AI model. It features robust architecture and broad utility for developer applications.",77,"2026-09-16"
"MoonshotAI: Kimi K3","MoonshotAI:","moonshotai","https://www.moonshotai.com","N/A","Multimodal / Text Generation",1048576,"Closed Source / API Only","The MoonshotAI: Kimi K3 by moonshotai is an advanced AI model. It features robust architecture and broad utility for developer applications.",86,"2026-09-16"
"Meta: Muse Spark 1.1","Meta:","meta","https://www.meta.com","https://icon.horse/icon/meta.com","Multimodal / Text Generation",1048576,"Closed Source / API Only","The Meta: Muse Spark 1.1 by meta is an advanced AI model. It features robust architecture and broad utility for developer applications.",86,"2026-09-16"
"Kwaipilot: KAT-Coder-Pro V2.5","Kwaipilot:","kwaipilot","https://www.kwaipilot.com","N/A","Multimodal / Text Generation",262144,"Closed Source / API Only","The Kwaipilot: KAT-Coder-Pro V2.5 by kwaipilot is an advanced AI model. It features robust architecture and broad utility for developer applications.",82,"2026-09-16"
"OpenAI: GPT-5.6 Luna Pro (batch)","OpenAI:","openai","https://www.openai.com","https://icon.horse/icon/openai.com","Multimodal / Text Generation",1050000,"Closed Source / API Only","The OpenAI: GPT-5.6 Luna Pro (batch) by openai is an advanced AI model. It features robust architecture and broad utility for developer applications.",64,"2026-09-16"
"OpenAI: GPT-5.6 Luna","OpenAI:","openai","https://www.openai.com","https://icon.horse/icon/openai.com","Multimodal / Text Generation",1050000,"Closed Source / API Only","The OpenAI: GPT-5.6 Luna by openai is an advanced AI model. It features robust architecture and broad utility for developer applications.",61,"2026-09-16"
"OpenAI: GPT-5.6 Luna (batch)","OpenAI:","openai","https://www.openai.com","https://icon.horse/icon/openai.com","Multimodal / Text Generation",1050000,"Closed Source / API Only","The OpenAI: GPT-5.6 Luna (batch) by openai is an advanced AI model. It features robust architecture and broad utility for developer applications.",72,"2026-09-16"
"OpenAI: GPT-5.6 Terra Pro","OpenAI:","openai","https://www.openai.com","https://icon.horse/icon/openai.com","Multimodal / Text Generation",1050000,"Closed Source / API Only","The OpenAI: GPT-5.6 Terra Pro by openai is an advanced AI model. It features robust architecture and broad utility for developer applications.",89,"2026-09-16"
"OpenAI: GPT-5.6 Terra Pro (batch)","OpenAI:","openai","https://www.openai.com","https://icon.horse/icon/openai.com","Multimodal / Text Generation",1050000,"Closed Source / API Only","The OpenAI: GPT-5.6 Terra Pro (batch) by openai is an advanced AI model. It features robust architecture and broad utility for developer applications.",90,"2026-09-16"
"OpenAI: GPT-5.6 Terra","OpenAI:","openai","https://www.openai.com","https://icon.horse/icon/openai.com","Multimodal / Text Generation",1050000,"Closed Source / API Only","The OpenAI: GPT-5.6 Terra by openai is an advanced AI model. It features robust architecture and broad utility for developer applications.",79,"2026-09-16"
"OpenAI: GPT-5.6 Terra (batch)","OpenAI:","openai","https://www.openai.com","https://icon.horse/icon/openai.com","Multimodal / Text Generation",1050000,"Closed Source / API Only","The OpenAI: GPT-5.6 Terra (batch) by openai is an advanced AI model. It features robust architecture and broad utility for developer applications.",75,"2026-09-16"
"OpenAI: GPT-5.6 Sol Pro","OpenAI:","openai","https://www.openai.com","https://icon.horse/icon/openai.com","Multimodal / Text Generation",1050000,"Closed Source / API Only","The OpenAI: GPT-5.6 Sol Pro by openai is an advanced AI model. It features robust architecture and broad utility for developer applications.",64,"2026-09-16"
"OpenAI: GPT-5.6 Sol Pro (batch)","OpenAI:","openai","https://www.openai.com","https://icon.horse/icon/openai.com","Multimodal / Text Generation",1050000,"Closed Source / API Only","The OpenAI: GPT-5.6 Sol Pro (batch) by openai is an advanced AI model. It features robust architecture and broad utility for developer applications.",63,"2026-09-16"
"OpenAI: GPT-5.6 Sol","OpenAI:","openai","https://www.openai.com","https://icon.horse/icon/openai.com","Multimodal / Text Generation",1050000,"Closed Source / API Only","The OpenAI: GPT-5.6 Sol by openai is an advanced AI model. It features robust architecture and broad utility for developer applications.",79,"2026-09-16"
"OpenAI: GPT-5.6 Sol (batch)","OpenAI:","openai","https://www.openai.com","https://icon.horse/icon/openai.com","Multimodal / Text Generation",1050000,"Closed Source / API Only","The OpenAI: GPT-5.6 Sol (batch) by openai is an advanced AI model. It features robust architecture and broad utility for developer applications.",61,"2026-09-16"
"SpaceXAI: Grok 4.5","SpaceXAI:","x-ai","https://www.xai.com","N/A","Multimodal / Text Generation",500000,"Closed Source / API Only","The SpaceXAI: Grok 4.5 by x-ai is an advanced AI model. It features robust architecture and broad utility for developer applications.",65,"2026-09-16"
"AionLabs: Aion-3.0","AionLabs:","aion-labs","https://www.aionlabs.com","N/A","Multimodal / Text Generation",131072,"Closed Source / API Only","The AionLabs: Aion-3.0 by aion-labs is an advanced AI model. It features robust architecture and broad utility for developer applications.",74,"2026-09-16"
"Tencent: Hy3","Tencent:","tencent","https://www.tencent.com","https://icon.horse/icon/tencent.com","Multimodal / Text Generation",262144,"Closed Source / API Only","The Tencent: Hy3 by tencent is an advanced AI model. It features robust architecture and broad utility for developer applications.",72,"2026-09-16"
"Poolside: Laguna XS 2.1","Poolside:","poolside","https://www.poolside.com","https://icon.horse/icon/poolside.com","Multimodal / Text Generation",262144,"Closed Source / API Only","The Poolside: Laguna XS 2.1 by poolside is an advanced AI model. It features robust architecture and broad utility for developer applications.",80,"2026-09-16"
"Poolside: Laguna XS 2.1 (free)","Poolside:","poolside","https://www.poolside.com","https://icon.horse/icon/poolside.com","Multimodal / Text Generation",262144,"Closed Source / API Only","The Poolside: Laguna XS 2.1 (free) by poolside is an advanced AI model. It features robust architecture and broad utility for developer applications.",71,"2026-09-16"
"Anthropic: Claude Sonnet 5","Anthropic:","anthropic","https://www.anthropic.com","https://icon.horse/icon/anthropic.com","Multimodal / Text Generation",1000000,"Closed Source / API Only","The Anthropic: Claude Sonnet 5 by anthropic is an advanced AI model. It features robust architecture and broad utility for developer applications.",75,"2026-09-16"
"Anthropic: Claude Sonnet 5 (batch)","Anthropic:","anthropic","https://www.anthropic.com","https://icon.horse/icon/anthropic.com","Multimodal / Text Generation",1000000,"Closed Source / API Only","The Anthropic: Claude Sonnet 5 (batch) by anthropic is an advanced AI model. It features robust architecture and broad utility for developer applications.",90,"2026-09-16"
"Google: Nano Banana 2 Lite (Gemini 3.1 Flash Lite Image)","Google:","google","https://www.google.com","https://icon.horse/icon/google.com","Multimodal / Text Generation",65536,"Closed Source / API Only","The Google: Nano Banana 2 Lite (Gemini 3.1 Flash Lite Image) by google is an advanced AI model. It features robust architecture and broad utility for developer applications.",69,"2026-09-16"
"Sakana: Fugu Ultra","Sakana:","sakana","https://www.sakana.com","https://icon.horse/icon/sakana.com","Multimodal / Text Generation",1000000,"Closed Source / API Only","The Sakana: Fugu Ultra by sakana is an advanced AI model. It features robust architecture and broad utility for developer applications.",74,"2026-09-16"
"Google: Nano Banana Pro (Gemini 3 Pro Image)","Google:","google","https://www.google.com","https://icon.horse/icon/google.com","Multimodal / Text Generation",131072,"Closed Source / API Only","The Google: Nano Banana Pro (Gemini 3 Pro Image) by google is an advanced AI model. It features robust architecture and broad utility for developer applications.",85,"2026-09-16"
"Cohere: North Mini Code (free)","Cohere:","cohere","https://www.cohere.com","https://icon.horse/icon/cohere.com","Multimodal / Text Generation",256000,"Closed Source / API Only","The Cohere: North Mini Code (free) by cohere is an advanced AI model. It features robust architecture and broad utility for developer applications.",75,"2026-09-16"
"Z.ai: GLM 5.2","Z.ai:","z-ai","https://www.zai.com","https://icon.horse/icon/zai.com","Multimodal / Text Generation",1048576,"Closed Source / API Only","The Z.ai: GLM 5.2 by z-ai is an advanced AI model. It features robust architecture and broad utility for developer applications.",68,"2026-09-16"
"Z.ai: GLM 5.2 (batch)","Z.ai:","z-ai","https://www.zai.com","https://icon.horse/icon/zai.com","Multimodal / Text Generation",1048576,"Closed Source / API Only","The Z.ai: GLM 5.2 (batch) by z-ai is an advanced AI model. It features robust architecture and broad utility for developer applications.",93,"2026-09-16"
"Z.ai: GLM 5.2 (free)","Z.ai:","z-ai","https://www.zai.com","https://icon.horse/icon/zai.com","Multimodal / Text Generation",32768,"Closed Source / API Only","The Z.ai: GLM 5.2 (free) by z-ai is an advanced AI model. It features robust architecture and broad utility for developer applications.",93,"2026-09-16"
"OpenRouter: Fusion","OpenRouter:","openrouter","https://www.openrouter.com","https://icon.horse/icon/openrouter.com","Multimodal / Text Generation",1000000,"Closed Source / API Only","The OpenRouter: Fusion by openrouter is an advanced AI model. It features robust architecture and broad utility for developer applications.",67,"2026-09-16"
"MoonshotAI: Kimi K2.7 Code","MoonshotAI:","moonshotai","https://www.moonshotai.com","N/A","Multimodal / Text Generation",262144,"Closed Source / API Only","The MoonshotAI: Kimi K2.7 Code by moonshotai is an advanced AI model. It features robust architecture and broad utility for developer applications.",78,"2026-09-16"
"Anthropic: Claude Fable Latest","Anthropic:","~anthropic","https://www.anthropic.com","https://icon.horse/icon/anthropic.com","Multimodal / Text Generation",1000000,"Closed Source / API Only","The Anthropic: Claude Fable Latest by ~anthropic is an advanced AI model. It features robust architecture and broad utility for developer applications.",92,"2026-09-16"
"Anthropic: Claude Fable 5","Anthropic:","anthropic","https://www.anthropic.com","https://icon.horse/icon/anthropic.com","Multimodal / Text Generation",1000000,"Closed Source / API Only","The Anthropic: Claude Fable 5 by anthropic is an advanced AI model. It features robust architecture and broad utility for developer applications.",84,"2026-09-16"
"Anthropic: Claude Fable 5 (batch)","Anthropic:","anthropic","https://www.anthropic.com","https://icon.horse/icon/anthropic.com","Multimodal / Text Generation",1000000,"Closed Source / API Only","The Anthropic: Claude Fable 5 (batch) by anthropic is an advanced AI model. It features robust architecture and broad utility for developer applications.",80,"2026-09-16"
"NVIDIA: Nemotron 3.5 Content Safety (free)","NVIDIA:","nvidia","https://www.nvidia.com","https://icon.horse/icon/nvidia.com","Multimodal / Text Generation",128000,"Closed Source / API Only","The NVIDIA: Nemotron 3.5 Content Safety (free) by nvidia is an advanced AI model. It features robust architecture and broad utility for developer applications.",88,"2026-09-16"
"NVIDIA: Nemotron 3 Ultra","NVIDIA:","nvidia","https://www.nvidia.com","https://icon.horse/icon/nvidia.com","Multimodal / Text Generation",262144,"Closed Source / API Only","The NVIDIA: Nemotron 3 Ultra by nvidia is an advanced AI model. It features robust architecture and broad utility for developer applications.",83,"2026-09-16"
"NVIDIA: Nemotron 3 Ultra (free)","NVIDIA:","nvidia","https://www.nvidia.com","https://icon.horse/icon/nvidia.com","Multimodal / Text Generation",1000000,"Closed Source / API Only","The NVIDIA: Nemotron 3 Ultra (free) by nvidia is an advanced AI model. It features robust architecture and broad utility for developer applications.",86,"2026-09-16"
"Qwen: Qwen3.7 Plus","Qwen:","qwen","https://www.qwen.com","https://icon.horse/icon/qwen.com","Multimodal / Text Generation",1000000,"Closed Source / API Only","The Qwen: Qwen3.7 Plus by qwen is an advanced AI model. It features robust architecture and broad utility for developer applications.",72,"2026-09-16"
"MiniMax: MiniMax M3 (batch)","MiniMax:","minimax","https://www.minimax.com","N/A","Multimodal / Text Generation",524288,"Closed Source / API Only","The MiniMax: MiniMax M3 (batch) by minimax is an advanced AI model. It features robust architecture and broad utility for developer applications.",76,"2026-09-16"
"StepFun: Step 3.7 Flash","StepFun:","stepfun","https://www.stepfun.com","N/A","Multimodal / Text Generation",262144,"Closed Source / API Only","The StepFun: Step 3.7 Flash by stepfun is an advanced AI model. It features robust architecture and broad utility for developer applications.",87,"2026-09-16"
"Anthropic: Claude Opus 4.8","Anthropic:","anthropic","https://www.anthropic.com","https://icon.horse/icon/anthropic.com","Multimodal / Text Generation",1000000,"Closed Source / API Only","The Anthropic: Claude Opus 4.8 by anthropic is an advanced AI model. It features robust architecture and broad utility for developer applications.",67,"2026-09-16"
"Anthropic: Claude Opus 4.8 (batch)","Anthropic:","anthropic","https://www.anthropic.com","https://icon.horse/icon/anthropic.com","Multimodal / Text Generation",1000000,"Closed Source / API Only","The Anthropic: Claude Opus 4.8 (batch) by anthropic is an advanced AI model. It features robust architecture and broad utility for developer applications.",78,"2026-09-16"
"Qwen: Qwen3.7 Max","Qwen:","qwen","https://www.qwen.com","https://icon.horse/icon/qwen.com","Multimodal / Text Generation",1000000,"Closed Source / API Only","The Qwen: Qwen3.7 Max by qwen is an advanced AI model. It features robust architecture and broad utility for developer applications.",79,"2026-09-16"
"SpaceXAI: Grok Build 0.1","SpaceXAI:","x-ai","https://www.xai.com","https://icon.horse/icon/xai.com","Multimodal / Text Generation",256000,"Closed Source / API Only","The SpaceXAI: Grok Build 0.1 by x-ai is an advanced AI model. It features robust architecture and broad utility for developer applications.",83,"2026-09-16"
"Google: Gemini 3.5 Flash","Google:","google","https://www.google.com","https://icon.horse/icon/google.com","Multimodal / Text Generation",1048576,"Closed Source / API Only","The Google: Gemini 3.5 Flash by google is an advanced AI model. It features robust architecture and broad utility for developer applications.",83,"2026-09-16"
"Google: Gemini 3.5 Flash (batch)","Google:","google","https://www.google.com","https://icon.horse/icon/google.com","Multimodal / Text Generation",1048576,"Closed Source / API Only","The Google: Gemini 3.5 Flash (batch) by google is an advanced AI model. It features robust architecture and broad utility for developer applications.",84,"2026-09-16"
"Perceptron: Perceptron Mk1","Perceptron:","perceptron","https://www.perceptron.com","N/A","Multimodal / Text Generation",32768,"Closed Source / API Only","The Perceptron: Perceptron Mk1 by perceptron is an advanced AI model. It features robust architecture and broad utility for developer applications.",65,"2026-09-16"
"Google: Gemini 3.1 Flash Lite","Google:","google","https://www.google.com","https://icon.horse/icon/google.com","Multimodal / Text Generation",1048576,"Closed Source / API Only","The Google: Gemini 3.1 Flash Lite by google is an advanced AI model. It features robust architecture and broad utility for developer applications.",91,"2026-09-16"
"Google: Gemini 3.1 Flash Lite (batch)","Google:","google","https://www.google.com","https://icon.horse/icon/google.com","Multimodal / Text Generation",1048576,"Closed Source / API Only","The Google: Gemini 3.1 Flash Lite (batch) by google is an advanced AI model. It features robust architecture and broad utility for developer applications.",94,"2026-09-16"
"OpenAI: GPT Chat Latest","OpenAI:","openai","https://www.openai.com","https://icon.horse/icon/openai.com","Multimodal / Text Generation",400000,"Closed Source / API Only","The OpenAI: GPT Chat Latest by openai is an advanced AI model. It features robust architecture and broad utility for developer applications.",87,"2026-09-16"
"SpaceXAI: Grok 4.3 (batch)","SpaceXAI:","x-ai","https://www.xai.com","https://icon.horse/icon/xai.com","Multimodal / Text Generation",1000000,"Closed Source / API Only","The SpaceXAI: Grok 4.3 (batch) by x-ai is an advanced AI model. It features robust architecture and broad utility for developer applications.",85,"2026-09-16"
"Mistral: Mistral Medium 3.5","Mistral:","mistralai","https://www.mistral.ai","https://icon.horse/icon/mistral.ai","Multimodal / Text Generation",262144,"Closed Source / API Only","The Mistral: Mistral Medium 3.5 by mistralai is an advanced AI model. It features robust architecture and broad utility for developer applications.",62,"2026-09-16"
"Mistral: Mistral Medium 3.5 (batch)","Mistral:","mistralai","https://www.mistral.ai","https://icon.horse/icon/mistral.ai","Multimodal / Text Generation",262144,"Closed Source / API Only","The Mistral: Mistral Medium 3.5 (batch) by mistralai is an advanced AI model. It features robust architecture and broad utility for developer applications.",70,"2026-09-16"
"NVIDIA: Nemotron 3 Nano Omni (free)","NVIDIA:","nvidia","https://www.nvidia.com","https://icon.horse/icon/nvidia.com","Multimodal / Text Generation",256000,"Closed Source / API Only","The NVIDIA: Nemotron 3 Nano Omni (free) by nvidia is an advanced AI model. It features robust architecture and broad utility for developer applications.",78,"2026-09-16"
"OpenAI: GPT Mini Latest","OpenAI:","~openai","https://www.openai.com","https://icon.horse/icon/openai.com","Multimodal / Text Generation",400000,"Closed Source / API Only","The OpenAI: GPT Mini Latest by ~openai is an advanced AI model. It features robust architecture and broad utility for developer applications.",75,"2026-09-16"
"Google: Gemini Pro Latest","Google:","~google","https://www.google.com","https://icon.horse/icon/google.com","Multimodal / Text Generation",1048576,"Closed Source / API Only","The Google: Gemini Pro Latest by ~google is an advanced AI model. It features robust architecture and broad utility for developer applications.",92,"2026-09-16"
"Google: Gemini Flash Latest","Google:","~google","https://www.google.com","https://icon.horse/icon/google.com","Multimodal / Text Generation",1048576,"Closed Source / API Only","The Google: Gemini Flash Latest by ~google is an advanced AI model. It features robust architecture and broad utility for developer applications.",86,"2026-09-16"
"Anthropic: Claude Sonnet Latest","Anthropic:","~anthropic","https://www.anthropic.com","https://icon.horse/icon/anthropic.com","Multimodal / Text Generation",1000000,"Closed Source / API Only","The Anthropic: Claude Sonnet Latest by ~anthropic is an advanced AI model. It features robust architecture and broad utility for developer applications.",83,"2026-09-16"
"Qwen: Qwen3.6 Flash","Qwen:","qwen","https://www.qwen.com","https://icon.horse/icon/qwen.com","Multimodal / Text Generation",1000000,"Closed Source / API Only","The Qwen: Qwen3.6 Flash by qwen is an advanced AI model. It features robust architecture and broad utility for developer applications.",67,"2026-09-16"
"Qwen: Qwen3.6 35B A3B","Qwen:","qwen","https://www.qwen.com","https://icon.horse/icon/qwen.com","Multimodal / Text Generation",262144,"Closed Source / API Only","The Qwen: Qwen3.6 35B A3B by qwen is an advanced AI model. It features robust architecture and broad utility for developer applications.",90,"2026-09-16"
"Qwen: Qwen3.6 Max Preview","Qwen:","qwen","https://www.qwen.com","https://icon.horse/icon/qwen.com","Multimodal / Text Generation",262144,"Closed Source / API Only","The Qwen: Qwen3.6 Max Preview by qwen is an advanced AI model. It features robust architecture and broad utility for developer applications.",71,"2026-09-16"
"Qwen: Qwen3.6 27B","Qwen:","qwen","https://www.qwen.com","https://icon.horse/icon/qwen.com","Multimodal / Text Generation",262144,"Closed Source / API Only","The Qwen: Qwen3.6 27B by qwen is an advanced AI model. It features robust architecture and broad utility for developer applications.",83,"2026-09-16"
"OpenAI: GPT-5.5 Pro (batch)","OpenAI:","openai","https://www.openai.com","https://icon.horse/icon/openai.com","Multimodal / Text Generation",1050000,"Closed Source / API Only","The OpenAI: GPT-5.5 Pro (batch) by openai is an advanced AI model. It features robust architecture and broad utility for developer applications.",90,"2026-09-16"
"OpenAI: GPT-5.5","OpenAI:","openai","https://www.openai.com","https://icon.horse/icon/openai.com","Multimodal / Text Generation",1050000,"Closed Source / API Only","The OpenAI: GPT-5.5 by openai is an advanced AI model. It features robust architecture and broad utility for developer applications.",85,"2026-09-16"
"OpenAI: GPT-5.5 (batch)","OpenAI:","openai","https://www.openai.com","https://icon.horse/icon/openai.com","Multimodal / Text Generation",1050000,"Closed Source / API Only","The OpenAI: GPT-5.5 (batch) by openai is an advanced AI model. It features robust architecture and broad utility for developer applications.",68,"2026-09-16"
"DeepSeek: DeepSeek V4 Pro 0423","DeepSeek:","deepseek","https://www.deepseek.com","https://icon.horse/icon/deepseek.com","Multimodal / Text Generation",1048576,"Closed Source / API Only","The DeepSeek: DeepSeek V4 Pro 0423 by deepseek is an advanced AI model. It features robust architecture and broad utility for developer applications.",65,"2026-09-16"
"Tencent: Hy3 preview","Tencent:","tencent","https://www.tencent.com","https://icon.horse/icon/tencent.com","Multimodal / Text Generation",262144,"Closed Source / API Only","The Tencent: Hy3 preview by tencent is an advanced AI model. It features robust architecture and broad utility for developer applications.",90,"2026-09-16"
"Xiaomi: MiMo-V2.5-Pro","Xiaomi:","xiaomi","https://www.xiaomi.com","https://icon.horse/icon/xiaomi.com","Multimodal / Text Generation",1050000,"Closed Source / API Only","The Xiaomi: MiMo-V2.5-Pro by xiaomi is an advanced AI model. It features robust architecture and broad utility for developer applications.",79,"2026-09-16"
"Xiaomi: MiMo-V2.5","Xiaomi:","xiaomi","https://www.xiaomi.com","https://icon.horse/icon/xiaomi.com","Multimodal / Text Generation",1050000,"Closed Source / API Only","The Xiaomi: MiMo-V2.5 by xiaomi is an advanced AI model. It features robust architecture and broad utility for developer applications.",65,"2026-09-16"
"OpenAI: GPT-5.4 Image 2","OpenAI:","openai","https://www.openai.com","https://icon.horse/icon/openai.com","Multimodal / Text Generation",272000,"Closed Source / API Only","The OpenAI: GPT-5.4 Image 2 by openai is an advanced AI model. It features robust architecture and broad utility for developer applications.",94,"2026-09-16"
"Anthropic: Claude Opus Latest","Anthropic:","~anthropic","https://www.anthropic.com","https://icon.horse/icon/anthropic.com","Multimodal / Text Generation",1000000,"Closed Source / API Only","The Anthropic: Claude Opus Latest by ~anthropic is an advanced AI model. It features robust architecture and broad utility for developer applications.",72,"2026-09-16"
"Pareto Code Router","Pareto","openrouter","https://www.openrouter.com","https://icon.horse/icon/openrouter.com","Multimodal / Text Generation",2000000,"Closed Source / API Only","The Pareto Code Router by openrouter is an advanced AI model. It features robust architecture and broad utility for developer applications.",73,"2026-09-16"
"Anthropic: Claude Opus 4.7","Anthropic:","anthropic","https://www.anthropic.com","https://icon.horse/icon/anthropic.com","Multimodal / Text Generation",1000000,"Closed Source / API Only","The Anthropic: Claude Opus 4.7 by anthropic is an advanced AI model. It features robust architecture and broad utility for developer applications.",93,"2026-09-16"
"Anthropic: Claude Opus 4.7 (batch)","Anthropic:","anthropic","https://www.anthropic.com","https://icon.horse/icon/anthropic.com","Multimodal / Text Generation",1000000,"Closed Source / API Only","The Anthropic: Claude Opus 4.7 (batch) by anthropic is an advanced AI model. It features robust architecture and broad utility for developer applications.",93,"2026-09-16"
"Z.ai: GLM 5.1","Z.ai:","z-ai","https://www.zai.com","https://icon.horse/icon/zai.com","Multimodal / Text Generation",204800,"Closed Source / API Only","The Z.ai: GLM 5.1 by z-ai is an advanced AI model. It features robust architecture and broad utility for developer applications.",83,"2026-09-16"
"Google: Gemma 4 26B A4B","Google:","google","https://www.google.com","https://icon.horse/icon/google.com","Multimodal / Text Generation",262144,"Closed Source / API Only","The Google: Gemma 4 26B A4B by google is an advanced AI model. It features robust architecture and broad utility for developer applications.",64,"2026-09-16"
"Google: Gemma 4 26B A4B  (free)","Google:","google","https://www.google.com","https://icon.horse/icon/google.com","Multimodal / Text Generation",262144,"Closed Source / API Only","The Google: Gemma 4 26B A4B  (free) by google is an advanced AI model. It features robust architecture and broad utility for developer applications.",82,"2026-09-16"
"Google: Gemma 4 31B","Google:","google","https://www.google.com","https://icon.horse/icon/google.com","Multimodal / Text Generation",262144,"Closed Source / API Only","The Google: Gemma 4 31B by google is an advanced AI model. It features robust architecture and broad utility for developer applications.",61,"2026-09-16"
"Google: Gemma 4 31B (free)","Google:","google","https://www.google.com","https://icon.horse/icon/google.com","Multimodal / Text Generation",262144,"Closed Source / API Only","The Google: Gemma 4 31B (free) by google is an advanced AI model. It features robust architecture and broad utility for developer applications.",69,"2026-09-16"
"Qwen: Qwen3.6 Plus","Qwen:","qwen","https://www.qwen.com","https://icon.horse/icon/qwen.com","Multimodal / Text Generation",1000000,"Closed Source / API Only","The Qwen: Qwen3.6 Plus by qwen is an advanced AI model. It features robust architecture and broad utility for developer applications.",70,"2026-09-16"
"Arcee AI: Trinity Large Thinking","Arcee","arcee-ai","https://www.arceeai.com","N/A","Multimodal / Text Generation",262144,"Closed Source / API Only","The Arcee AI: Trinity Large Thinking by arcee-ai is an advanced AI model. It features robust architecture and broad utility for developer applications.",78,"2026-09-16"
"SpaceXAI: Grok 4.20 Multi-Agent","SpaceXAI:","x-ai","https://www.xai.com","https://icon.horse/icon/xai.com","Multimodal / Text Generation",2000000,"Closed Source / API Only","The SpaceXAI: Grok 4.20 Multi-Agent by x-ai is an advanced AI model. It features robust architecture and broad utility for developer applications.",60,"2026-09-16"
"Google: Lyria 3 Pro Preview","Google:","google","https://www.google.com","https://icon.horse/icon/google.com","Multimodal / Text Generation",1048576,"Closed Source / API Only","The Google: Lyria 3 Pro Preview by google is an advanced AI model. It features robust architecture and broad utility for developer applications.",79,"2026-09-16"
"Google: Lyria 3 Clip Preview","Google:","google","https://www.google.com","https://icon.horse/icon/google.com","Multimodal / Text Generation",1048576,"Closed Source / API Only","The Google: Lyria 3 Clip Preview by google is an advanced AI model. It features robust architecture and broad utility for developer applications.",74,"2026-09-16"
"Reka Edge","Reka","rekaai","https://www.rekaai.com","https://icon.horse/icon/rekaai.com","Multimodal / Text Generation",16384,"Closed Source / API Only","The Reka Edge by rekaai is an advanced AI model. It features robust architecture and broad utility for developer applications.",72,"2026-09-16"
"MiniMax: MiniMax M2.7","MiniMax:","minimax","https://www.minimax.com","N/A","Multimodal / Text Generation",204800,"Closed Source / API Only","The MiniMax: MiniMax M2.7 by minimax is an advanced AI model. It features robust architecture and broad utility for developer applications.",87,"2026-09-16"
"OpenAI: GPT-5.4 Nano","OpenAI:","openai","https://www.openai.com","https://icon.horse/icon/openai.com","Multimodal / Text Generation",400000,"Closed Source / API Only","The OpenAI: GPT-5.4 Nano by openai is an advanced AI model. It features robust architecture and broad utility for developer applications.",71,"2026-09-16"
"OpenAI: GPT-5.4 Mini","OpenAI:","openai","https://www.openai.com","https://icon.horse/icon/openai.com","Multimodal / Text Generation",400000,"Closed Source / API Only","The OpenAI: GPT-5.4 Mini by openai is an advanced AI model. It features robust architecture and broad utility for developer applications.",75,"2026-09-16"
"OpenAI: GPT-5.4 Mini (batch)","OpenAI:","openai","https://www.openai.com","https://icon.horse/icon/openai.com","Multimodal / Text Generation",400000,"Closed Source / API Only","The OpenAI: GPT-5.4 Mini (batch) by openai is an advanced AI model. It features robust architecture and broad utility for developer applications.",82,"2026-09-16"
"Mistral: Mistral Small 4","Mistral:","mistralai","https://www.mistral.ai","https://icon.horse/icon/mistral.ai","Multimodal / Text Generation",262144,"Closed Source / API Only","The Mistral: Mistral Small 4 by mistralai is an advanced AI model. It features robust architecture and broad utility for developer applications.",86,"2026-09-16"
"Mistral: Mistral Small 4 (batch)","Mistral:","mistralai","https://www.mistral.ai","https://icon.horse/icon/mistral.ai","Multimodal / Text Generation",262144,"Closed Source / API Only","The Mistral: Mistral Small 4 (batch) by mistralai is an advanced AI model. It features robust architecture and broad utility for developer applications.",79,"2026-09-16"
"Z.ai: GLM 5 Turbo","Z.ai:","z-ai","https://www.zai.com","https://icon.horse/icon/zai.com","Multimodal / Text Generation",202752,"Closed Source / API Only","The Z.ai: GLM 5 Turbo by z-ai is an advanced AI model. It features robust architecture and broad utility for developer applications.",68,"2026-09-16"
"NVIDIA: Nemotron 3 Super","NVIDIA:","nvidia","https://www.nvidia.com","https://icon.horse/icon/nvidia.com","Multimodal / Text Generation",262144,"Closed Source / API Only","The NVIDIA: Nemotron 3 Super by nvidia is an advanced AI model. It features robust architecture and broad utility for developer applications.",69,"2026-09-16"
"NVIDIA: Nemotron 3 Super (free)","NVIDIA:","nvidia","https://www.nvidia.com","https://icon.horse/icon/nvidia.com","Multimodal / Text Generation",262144,"Closed Source / API Only","The NVIDIA: Nemotron 3 Super (free) by nvidia is an advanced AI model. It features robust architecture and broad utility for developer applications.",73,"2026-09-16"
"ByteDance Seed: Seed-2.0-Lite","ByteDance","bytedance-seed","https://www.bytedanceseed.com","https://icon.horse/icon/bytedanceseed.com","Multimodal / Text Generation",262144,"Closed Source / API Only","The ByteDance Seed: Seed-2.0-Lite by bytedance-seed is an advanced AI model. It features robust architecture and broad utility for developer applications.",65,"2026-09-16"
"Qwen: Qwen3.5-9B","Qwen:","qwen","https://www.qwen.com","https://icon.horse/icon/qwen.com","Multimodal / Text Generation",262144,"Closed Source / API Only","The Qwen: Qwen3.5-9B by qwen is an advanced AI model. It features robust architecture and broad utility for developer applications.",88,"2026-09-16"
"Qwen: Qwen3.5-9B (batch)","Qwen:","qwen","https://www.qwen.com","https://icon.horse/icon/qwen.com","Multimodal / Text Generation",262144,"Closed Source / API Only","The Qwen: Qwen3.5-9B (batch) by qwen is an advanced AI model. It features robust architecture and broad utility for developer applications.",67,"2026-09-16"
"OpenAI: GPT-5.4 Pro","OpenAI:","openai","https://www.openai.com","https://icon.horse/icon/openai.com","Multimodal / Text Generation",1050000,"Closed Source / API Only","The OpenAI: GPT-5.4 Pro by openai is an advanced AI model. It features robust architecture and broad utility for developer applications.",91,"2026-09-16"
"OpenAI: GPT-5.4 Pro (batch)","OpenAI:","openai","https://www.openai.com","https://icon.horse/icon/openai.com","Multimodal / Text Generation",1050000,"Closed Source / API Only","The OpenAI: GPT-5.4 Pro (batch) by openai is an advanced AI model. It features robust architecture and broad utility for developer applications.",82,"2026-09-16"
"OpenAI: GPT-5.4","OpenAI:","openai","https://www.openai.com","https://icon.horse/icon/openai.com","Multimodal / Text Generation",1050000,"Closed Source / API Only","The OpenAI: GPT-5.4 by openai is an advanced AI model. It features robust architecture and broad utility for developer applications.",63,"2026-09-16"
"OpenAI: GPT-5.4 (batch)","OpenAI:","openai","https://www.openai.com","https://icon.horse/icon/openai.com","Multimodal / Text Generation",1050000,"Closed Source / API Only","The OpenAI: GPT-5.4 (batch) by openai is an advanced AI model. It features robust architecture and broad utility for developer applications.",85,"2026-09-16"
"Inception: Mercury 2","Inception:","inception","https://www.inception.com","https://icon.horse/icon/inception.com","Multimodal / Text Generation",128000,"Closed Source / API Only","The Inception: Mercury 2 by inception is an advanced AI model. It features robust architecture and broad utility for developer applications.",61,"2026-09-16"
"Google: Gemini 3.1 Flash Lite Preview","Google:","google","https://www.google.com","https://icon.horse/icon/google.com","Multimodal / Text Generation",1048576,"Closed Source / API Only","The Google: Gemini 3.1 Flash Lite Preview by google is an advanced AI model. It features robust architecture and broad utility for developer applications.",72,"2026-09-16"
"ByteDance Seed: Seed-2.0-Mini","ByteDance","bytedance-seed","https://www.bytedanceseed.com","https://icon.horse/icon/bytedanceseed.com","Multimodal / Text Generation",262144,"Closed Source / API Only","The ByteDance Seed: Seed-2.0-Mini by bytedance-seed is an advanced AI model. It features robust architecture and broad utility for developer applications.",88,"2026-09-16"
"Google: Nano Banana 2 (Gemini 3.1 Flash Image Preview)","Google:","google","https://www.google.com","https://icon.horse/icon/google.com","Multimodal / Text Generation",65536,"Closed Source / API Only","The Google: Nano Banana 2 (Gemini 3.1 Flash Image Preview) by google is an advanced AI model. It features robust architecture and broad utility for developer applications.",90,"2026-09-16"
"Qwen: Qwen3.5-35B-A3B","Qwen:","qwen","https://www.qwen.com","https://icon.horse/icon/qwen.com","Multimodal / Text Generation",262144,"Closed Source / API Only","The Qwen: Qwen3.5-35B-A3B by qwen is an advanced AI model. It features robust architecture and broad utility for developer applications.",89,"2026-09-16"
"Qwen: Qwen3.5-27B","Qwen:","qwen","https://www.qwen.com","https://icon.horse/icon/qwen.com","Multimodal / Text Generation",262144,"Closed Source / API Only","The Qwen: Qwen3.5-27B by qwen is an advanced AI model. It features robust architecture and broad utility for developer applications.",61,"2026-09-16"
"Qwen: Qwen3.5-122B-A10B","Qwen:","qwen","https://www.qwen.com","https://icon.horse/icon/qwen.com","Multimodal / Text Generation",262144,"Closed Source / API Only","The Qwen: Qwen3.5-122B-A10B by qwen is an advanced AI model. It features robust architecture and broad utility for developer applications.",84,"2026-09-16"
"Qwen: Qwen3.5-Flash","Qwen:","qwen","https://www.qwen.com","https://icon.horse/icon/qwen.com","Multimodal / Text Generation",1000000,"Closed Source / API Only","The Qwen: Qwen3.5-Flash by qwen is an advanced AI model. It features robust architecture and broad utility for developer applications.",60,"2026-09-16"
"Google: Gemini 3.1 Pro Preview Custom Tools","Google:","google","https://www.google.com","https://icon.horse/icon/google.com","Multimodal / Text Generation",1048576,"Closed Source / API Only","The Google: Gemini 3.1 Pro Preview Custom Tools by google is an advanced AI model. It features robust architecture and broad utility for developer applications.",92,"2026-09-16"
"AionLabs: Aion-2.0","AionLabs:","aion-labs","https://www.aionlabs.com","N/A","Multimodal / Text Generation",131072,"Closed Source / API Only","The AionLabs: Aion-2.0 by aion-labs is an advanced AI model. It features robust architecture and broad utility for developer applications.",66,"2026-09-16"
"Google: Gemini 3.1 Pro Preview","Google:","google","https://www.google.com","https://icon.horse/icon/google.com","Multimodal / Text Generation",1048576,"Closed Source / API Only","The Google: Gemini 3.1 Pro Preview by google is an advanced AI model. It features robust architecture and broad utility for developer applications.",91,"2026-09-16"
"Google: Gemini 3.1 Pro Preview (batch)","Google:","google","https://www.google.com","https://icon.horse/icon/google.com","Multimodal / Text Generation",1048576,"Closed Source / API Only","The Google: Gemini 3.1 Pro Preview (batch) by google is an advanced AI model. It features robust architecture and broad utility for developer applications.",68,"2026-09-16"
"Anthropic: Claude Sonnet 4.6","Anthropic:","anthropic","https://www.anthropic.com","https://icon.horse/icon/anthropic.com","Multimodal / Text Generation",1000000,"Closed Source / API Only","The Anthropic: Claude Sonnet 4.6 by anthropic is an advanced AI model. It features robust architecture and broad utility for developer applications.",92,"2026-09-16"
"Anthropic: Claude Sonnet 4.6 (batch)","Anthropic:","anthropic","https://www.anthropic.com","https://icon.horse/icon/anthropic.com","Multimodal / Text Generation",1000000,"Closed Source / API Only","The Anthropic: Claude Sonnet 4.6 (batch) by anthropic is an advanced AI model. It features robust architecture and broad utility for developer applications.",77,"2026-09-16"
"Qwen: Qwen3.5 Plus 2026-02-15","Qwen:","qwen","https://www.qwen.com","https://icon.horse/icon/qwen.com","Multimodal / Text Generation",1000000,"Closed Source / API Only","The Qwen: Qwen3.5 Plus 2026-02-15 by qwen is an advanced AI model. It features robust architecture and broad utility for developer applications.",60,"2026-09-16"
"Qwen: Qwen3.5 397B A17B","Qwen:","qwen","https://www.qwen.com","https://icon.horse/icon/qwen.com","Multimodal / Text Generation",262144,"Closed Source / API Only","The Qwen: Qwen3.5 397B A17B by qwen is an advanced AI model. It features robust architecture and broad utility for developer applications.",80,"2026-09-16"
"MiniMax: MiniMax M2.5","MiniMax:","minimax","https://www.minimax.com","N/A","Multimodal / Text Generation",204800,"Closed Source / API Only","The MiniMax: MiniMax M2.5 by minimax is an advanced AI model. It features robust architecture and broad utility for developer applications.",91,"2026-09-16"
"Z.ai: GLM 5","Z.ai:","z-ai","https://www.zai.com","https://icon.horse/icon/zai.com","Multimodal / Text Generation",204800,"Closed Source / API Only","The Z.ai: GLM 5 by z-ai is an advanced AI model. It features robust architecture and broad utility for developer applications.",66,"2026-09-16"
"Anthropic: Claude Opus 4.6","Anthropic:","anthropic","https://www.anthropic.com","https://icon.horse/icon/anthropic.com","Multimodal / Text Generation",1000000,"Closed Source / API Only","The Anthropic: Claude Opus 4.6 by anthropic is an advanced AI model. It features robust architecture and broad utility for developer applications.",65,"2026-09-16"
"Anthropic: Claude Opus 4.6 (batch)","Anthropic:","anthropic","https://www.anthropic.com","https://icon.horse/icon/anthropic.com","Multimodal / Text Generation",1000000,"Closed Source / API Only","The Anthropic: Claude Opus 4.6 (batch) by anthropic is an advanced AI model. It features robust architecture and broad utility for developer applications.",85,"2026-09-16"
"Qwen: Qwen3 Coder Next","Qwen:","qwen","https://www.qwen.com","https://icon.horse/icon/qwen.com","Multimodal / Text Generation",262144,"Closed Source / API Only","The Qwen: Qwen3 Coder Next by qwen is an advanced AI model. It features robust architecture and broad utility for developer applications.",64,"2026-09-16"
"Free Models Router","Free","openrouter","https://www.openrouter.com","https://icon.horse/icon/openrouter.com","Multimodal / Text Generation",200000,"Closed Source / API Only","The Free Models Router by openrouter is an advanced AI model. It features robust architecture and broad utility for developer applications.",93,"2026-09-16"
"StepFun: Step 3.5 Flash","StepFun:","stepfun","https://www.stepfun.com","N/A","Multimodal / Text Generation",262144,"Closed Source / API Only","The StepFun: Step 3.5 Flash by stepfun is an advanced AI model. It features robust architecture and broad utility for developer applications.",81,"2026-09-16"
"MoonshotAI: Kimi K2.5","MoonshotAI:","moonshotai","https://www.moonshotai.com","N/A","Multimodal / Text Generation",262144,"Closed Source / API Only","The MoonshotAI: Kimi K2.5 by moonshotai is an advanced AI model. It features robust architecture and broad utility for developer applications.",75,"2026-09-16"
"Upstage: Solar Pro 3","Upstage:","upstage","https://www.upstage.com","N/A","Multimodal / Text Generation",131072,"Closed Source / API Only","The Upstage: Solar Pro 3 by upstage is an advanced AI model. It features robust architecture and broad utility for developer applications.",69,"2026-09-16"
"MiniMax: MiniMax M2-her","MiniMax:","minimax","https://www.minimax.com","N/A","Multimodal / Text Generation",65536,"Closed Source / API Only","The MiniMax: MiniMax M2-her by minimax is an advanced AI model. It features robust architecture and broad utility for developer applications.",71,"2026-09-16"
"Writer: Palmyra X5","Writer:","writer","https://www.writer.com","https://icon.horse/icon/writer.com","Multimodal / Text Generation",1040000,"Closed Source / API Only","The Writer: Palmyra X5 by writer is an advanced AI model. It features robust architecture and broad utility for developer applications.",84,"2026-09-16"
"OpenAI: GPT Audio Mini","OpenAI:","openai","https://www.openai.com","https://icon.horse/icon/openai.com","Multimodal / Text Generation",128000,"Closed Source / API Only","The OpenAI: GPT Audio Mini by openai is an advanced AI model. It features robust architecture and broad utility for developer applications.",81,"2026-09-16"
"Z.ai: GLM 4.7 Flash","Z.ai:","z-ai","https://www.zai.com","https://icon.horse/icon/zai.com","Multimodal / Text Generation",200000,"Closed Source / API Only","The Z.ai: GLM 4.7 Flash by z-ai is an advanced AI model. It features robust architecture and broad utility for developer applications.",60,"2026-09-16"
"OpenAI: GPT-5.2-Codex","OpenAI:","openai","https://www.openai.com","https://icon.horse/icon/openai.com","Multimodal / Text Generation",400000,"Closed Source / API Only","The OpenAI: GPT-5.2-Codex by openai is an advanced AI model. It features robust architecture and broad utility for developer applications.",89,"2026-09-16"
"ByteDance Seed: Seed 1.6 Flash","ByteDance","bytedance-seed","https://www.bytedanceseed.com","https://icon.horse/icon/bytedanceseed.com","Multimodal / Text Generation",262144,"Closed Source / API Only","The ByteDance Seed: Seed 1.6 Flash by bytedance-seed is an advanced AI model. It features robust architecture and broad utility for developer applications.",63,"2026-09-16"
"ByteDance Seed: Seed 1.6","ByteDance","bytedance-seed","https://www.bytedanceseed.com","https://icon.horse/icon/bytedanceseed.com","Multimodal / Text Generation",262144,"Closed Source / API Only","The ByteDance Seed: Seed 1.6 by bytedance-seed is an advanced AI model. It features robust architecture and broad utility for developer applications.",84,"2026-09-16"
"MiniMax: MiniMax M2.1","MiniMax:","minimax","https://www.minimax.com","N/A","Multimodal / Text Generation",204800,"Closed Source / API Only","The MiniMax: MiniMax M2.1 by minimax is an advanced AI model. It features robust architecture and broad utility for developer applications.",87,"2026-09-16"
"Z.ai: GLM 4.7","Z.ai:","z-ai","https://www.zai.com","https://icon.horse/icon/zai.com","Multimodal / Text Generation",204800,"Closed Source / API Only","The Z.ai: GLM 4.7 by z-ai is an advanced AI model. It features robust architecture and broad utility for developer applications.",79,"2026-09-16"
"Google: Gemini 3 Flash Preview","Google:","google","https://www.google.com","https://icon.horse/icon/google.com","Multimodal / Text Generation",1048576,"Closed Source / API Only","The Google: Gemini 3 Flash Preview by google is an advanced AI model. It features robust architecture and broad utility for developer applications.",62,"2026-09-16"
"Google: Gemini 3 Flash Preview (batch)","Google:","google","https://www.google.com","https://icon.horse/icon/google.com","Multimodal / Text Generation",1048576,"Closed Source / API Only","The Google: Gemini 3 Flash Preview (batch) by google is an advanced AI model. It features robust architecture and broad utility for developer applications.",79,"2026-09-16"
"NVIDIA: Nemotron 3 Nano 30B A3B","NVIDIA:","nvidia","https://www.nvidia.com","https://icon.horse/icon/nvidia.com","Multimodal / Text Generation",262144,"Closed Source / API Only","The NVIDIA: Nemotron 3 Nano 30B A3B by nvidia is an advanced AI model. It features robust architecture and broad utility for developer applications.",84,"2026-09-16"
"OpenAI: GPT-5.2 Chat","OpenAI:","openai","https://www.openai.com","https://icon.horse/icon/openai.com","Multimodal / Text Generation",128000,"Closed Source / API Only","The OpenAI: GPT-5.2 Chat by openai is an advanced AI model. It features robust architecture and broad utility for developer applications.",81,"2026-09-16"
"OpenAI: GPT-5.2 Pro","OpenAI:","openai","https://www.openai.com","https://icon.horse/icon/openai.com","Multimodal / Text Generation",400000,"Closed Source / API Only","The OpenAI: GPT-5.2 Pro by openai is an advanced AI model. It features robust architecture and broad utility for developer applications.",94,"2026-09-16"
"OpenAI: GPT-5.2","OpenAI:","openai","https://www.openai.com","https://icon.horse/icon/openai.com","Multimodal / Text Generation",400000,"Closed Source / API Only","The OpenAI: GPT-5.2 by openai is an advanced AI model. It features robust architecture and broad utility for developer applications.",67,"2026-09-16"
"OpenAI: GPT-5.2 (batch)","OpenAI:","openai","https://www.openai.com","https://icon.horse/icon/openai.com","Multimodal / Text Generation",400000,"Closed Source / API Only","The OpenAI: GPT-5.2 (batch) by openai is an advanced AI model. It features robust architecture and broad utility for developer applications.",62,"2026-09-16"
"Mistral: Devstral 2 2512","Mistral:","mistralai","https://www.mistral.ai","https://icon.horse/icon/mistral.ai","Multimodal / Text Generation",262144,"Closed Source / API Only","The Mistral: Devstral 2 2512 by mistralai is an advanced AI model. It features robust architecture and broad utility for developer applications.",73,"2026-09-16"
"Relace: Relace Search","Relace:","relace","https://www.relace.com","https://icon.horse/icon/relace.com","Multimodal / Text Generation",256000,"Closed Source / API Only","The Relace: Relace Search by relace is an advanced AI model. It features robust architecture and broad utility for developer applications.",63,"2026-09-16"
"Z.ai: GLM 4.6V","Z.ai:","z-ai","https://www.zai.com","https://icon.horse/icon/zai.com","Multimodal / Text Generation",131072,"Closed Source / API Only","The Z.ai: GLM 4.6V by z-ai is an advanced AI model. It features robust architecture and broad utility for developer applications.",79,"2026-09-16"
"OpenAI: GPT-5.1-Codex-Max","OpenAI:","openai","https://www.openai.com","https://icon.horse/icon/openai.com","Multimodal / Text Generation",400000,"Closed Source / API Only","The OpenAI: GPT-5.1-Codex-Max by openai is an advanced AI model. It features robust architecture and broad utility for developer applications.",65,"2026-09-16"
"Amazon: Nova 2 Lite","Amazon:","amazon","https://www.amazon.com","https://icon.horse/icon/amazon.com","Multimodal / Text Generation",1000000,"Closed Source / API Only","The Amazon: Nova 2 Lite by amazon is an advanced AI model. It features robust architecture and broad utility for developer applications.",78,"2026-09-16"
"Mistral: Ministral 3 14B 2512","Mistral:","mistralai","https://www.mistral.ai","https://icon.horse/icon/mistral.ai","Multimodal / Text Generation",262144,"Closed Source / API Only","The Mistral: Ministral 3 14B 2512 by mistralai is an advanced AI model. It features robust architecture and broad utility for developer applications.",71,"2026-09-16"
"Mistral: Ministral 3 8B 2512","Mistral:","mistralai","https://www.mistral.ai","https://icon.horse/icon/mistral.ai","Multimodal / Text Generation",262144,"Closed Source / API Only","The Mistral: Ministral 3 8B 2512 by mistralai is an advanced AI model. It features robust architecture and broad utility for developer applications.",92,"2026-09-16"
"Mistral: Ministral 3 3B 2512","Mistral:","mistralai","https://www.mistral.ai","https://icon.horse/icon/mistral.ai","Multimodal / Text Generation",131072,"Closed Source / API Only","The Mistral: Ministral 3 3B 2512 by mistralai is an advanced AI model. It features robust architecture and broad utility for developer applications.",74,"2026-09-16"
"Mistral: Mistral Large 3 2512","Mistral:","mistralai","https://www.mistral.ai","https://icon.horse/icon/mistral.ai","Multimodal / Text Generation",262144,"Closed Source / API Only","The Mistral: Mistral Large 3 2512 by mistralai is an advanced AI model. It features robust architecture and broad utility for developer applications.",93,"2026-09-16"
"Mistral: Mistral Large 3 2512 (batch)","Mistral:","mistralai","https://www.mistral.ai","https://icon.horse/icon/mistral.ai","Multimodal / Text Generation",262144,"Closed Source / API Only","The Mistral: Mistral Large 3 2512 (batch) by mistralai is an advanced AI model. It features robust architecture and broad utility for developer applications.",78,"2026-09-16"
"Anthropic: Claude Opus 4.5 (batch)","Anthropic:","anthropic","https://www.anthropic.com","https://icon.horse/icon/anthropic.com","Multimodal / Text Generation",200000,"Closed Source / API Only","The Anthropic: Claude Opus 4.5 (batch) by anthropic is an advanced AI model. It features robust architecture and broad utility for developer applications.",74,"2026-09-16"
"Google: Nano Banana Pro (Gemini 3 Pro Image Preview)","Google:","google","https://www.google.com","https://icon.horse/icon/google.com","Multimodal / Text Generation",65536,"Closed Source / API Only","The Google: Nano Banana Pro (Gemini 3 Pro Image Preview) by google is an advanced AI model. It features robust architecture and broad utility for developer applications.",93,"2026-09-16"
"OpenAI: GPT-5.1","OpenAI:","openai","https://www.openai.com","https://icon.horse/icon/openai.com","Multimodal / Text Generation",400000,"Closed Source / API Only","The OpenAI: GPT-5.1 by openai is an advanced AI model. It features robust architecture and broad utility for developer applications.",71,"2026-09-16"
"OpenAI: GPT-5.1 (batch)","OpenAI:","openai","https://www.openai.com","https://icon.horse/icon/openai.com","Multimodal / Text Generation",400000,"Closed Source / API Only","The OpenAI: GPT-5.1 (batch) by openai is an advanced AI model. It features robust architecture and broad utility for developer applications.",85,"2026-09-16"
"OpenAI: GPT-5.1-Codex","OpenAI:","openai","https://www.openai.com","https://icon.horse/icon/openai.com","Multimodal / Text Generation",400000,"Closed Source / API Only","The OpenAI: GPT-5.1-Codex by openai is an advanced AI model. It features robust architecture and broad utility for developer applications.",76,"2026-09-16"
"OpenAI: GPT-5.1-Codex-Mini","OpenAI:","openai","https://www.openai.com","https://icon.horse/icon/openai.com","Multimodal / Text Generation",400000,"Closed Source / API Only","The OpenAI: GPT-5.1-Codex-Mini by openai is an advanced AI model. It features robust architecture and broad utility for developer applications.",87,"2026-09-16"
"MoonshotAI: Kimi K2 Thinking","MoonshotAI:","moonshotai","https://www.moonshotai.com","N/A","Multimodal / Text Generation",262144,"Closed Source / API Only","The MoonshotAI: Kimi K2 Thinking by moonshotai is an advanced AI model. It features robust architecture and broad utility for developer applications.",88,"2026-09-16"
"Perplexity: Sonar Pro Search","Perplexity:","perplexity","https://www.perplexity.com","https://icon.horse/icon/perplexity.com","Multimodal / Text Generation",200000,"Closed Source / API Only","The Perplexity: Sonar Pro Search by perplexity is an advanced AI model. It features robust architecture and broad utility for developer applications.",69,"2026-09-16"
"Mistral: Voxtral Small 24B 2507","Mistral:","mistralai","https://www.mistral.ai","https://icon.horse/icon/mistral.ai","Multimodal / Text Generation",32768,"Closed Source / API Only","The Mistral: Voxtral Small 24B 2507 by mistralai is an advanced AI model. It features robust architecture and broad utility for developer applications.",87,"2026-09-16"
"OpenAI: gpt-oss-safeguard-20b","OpenAI:","openai","https://www.openai.com","https://icon.horse/icon/openai.com","Multimodal / Text Generation",131072,"Closed Source / API Only","The OpenAI: gpt-oss-safeguard-20b by openai is an advanced AI model. It features robust architecture and broad utility for developer applications.",61,"2026-09-16"
"MiniMax: MiniMax M2","MiniMax:","minimax","https://www.minimax.com","https://icon.horse/icon/minimax.com","Multimodal / Text Generation",204800,"Closed Source / API Only","The MiniMax: MiniMax M2 by minimax is an advanced AI model. It features robust architecture and broad utility for developer applications.",90,"2026-09-16"
"IBM: Granite 4.0 Micro","IBM:","ibm-granite","https://www.ibmgranite.com","https://icon.horse/icon/ibmgranite.com","Multimodal / Text Generation",131000,"Closed Source / API Only","The IBM: Granite 4.0 Micro by ibm-granite is an advanced AI model. It features robust architecture and broad utility for developer applications.",87,"2026-09-16"
"Anthropic: Claude Haiku 4.5 (batch)","Anthropic:","anthropic","https://www.anthropic.com","https://icon.horse/icon/anthropic.com","Multimodal / Text Generation",200000,"Closed Source / API Only","The Anthropic: Claude Haiku 4.5 (batch) by anthropic is an advanced AI model. It features robust architecture and broad utility for developer applications.",66,"2026-09-16"
"Qwen: Qwen3 VL 8B Thinking","Qwen:","qwen","https://www.qwen.com","https://icon.horse/icon/qwen.com","Multimodal / Text Generation",131072,"Closed Source / API Only","The Qwen: Qwen3 VL 8B Thinking by qwen is an advanced AI model. It features robust architecture and broad utility for developer applications.",69,"2026-09-16"
"Qwen: Qwen3 VL 8B Instruct","Qwen:","qwen","https://www.qwen.com","https://icon.horse/icon/qwen.com","Multimodal / Text Generation",262144,"Closed Source / API Only","The Qwen: Qwen3 VL 8B Instruct by qwen is an advanced AI model. It features robust architecture and broad utility for developer applications.",64,"2026-09-16"
"OpenAI: GPT-5 Image","OpenAI:","openai","https://www.openai.com","https://icon.horse/icon/openai.com","Multimodal / Text Generation",400000,"Closed Source / API Only","The OpenAI: GPT-5 Image by openai is an advanced AI model. It features robust architecture and broad utility for developer applications.",89,"2026-09-16"
"Qwen: Qwen3 VL 30B A3B Thinking","Qwen:","qwen","https://www.qwen.com","https://icon.horse/icon/qwen.com","Multimodal / Text Generation",262144,"Closed Source / API Only","The Qwen: Qwen3 VL 30B A3B Thinking by qwen is an advanced AI model. It features robust architecture and broad utility for developer applications.",68,"2026-09-16"
"Qwen: Qwen3 VL 30B A3B Instruct","Qwen:","qwen","https://www.qwen.com","https://icon.horse/icon/qwen.com","Multimodal / Text Generation",262144,"Closed Source / API Only","The Qwen: Qwen3 VL 30B A3B Instruct by qwen is an advanced AI model. It features robust architecture and broad utility for developer applications.",75,"2026-09-16"
"OpenAI: GPT-5 Pro","OpenAI:","openai","https://www.openai.com","https://icon.horse/icon/openai.com","Multimodal / Text Generation",400000,"Closed Source / API Only","The OpenAI: GPT-5 Pro by openai is an advanced AI model. It features robust architecture and broad utility for developer applications.",63,"2026-09-16"
"OpenAI: GPT-5 Pro (batch)","OpenAI:","openai","https://www.openai.com","https://icon.horse/icon/openai.com","Multimodal / Text Generation",400000,"Closed Source / API Only","The OpenAI: GPT-5 Pro (batch) by openai is an advanced AI model. It features robust architecture and broad utility for developer applications.",67,"2026-09-16"
"Z.ai: GLM 4.6","Z.ai:","z-ai","https://www.zai.com","https://icon.horse/icon/zai.com","Multimodal / Text Generation",204800,"Closed Source / API Only","The Z.ai: GLM 4.6 by z-ai is an advanced AI model. It features robust architecture and broad utility for developer applications.",93,"2026-09-16"
"Anthropic: Claude Sonnet 4.5","Anthropic:","anthropic","https://www.anthropic.com","https://icon.horse/icon/anthropic.com","Multimodal / Text Generation",1000000,"Closed Source / API Only","The Anthropic: Claude Sonnet 4.5 by anthropic is an advanced AI model. It features robust architecture and broad utility for developer applications.",89,"2026-09-16"
"Anthropic: Claude Sonnet 4.5 (batch)","Anthropic:","anthropic","https://www.anthropic.com","https://icon.horse/icon/anthropic.com","Multimodal / Text Generation",1000000,"Closed Source / API Only","The Anthropic: Claude Sonnet 4.5 (batch) by anthropic is an advanced AI model. It features robust architecture and broad utility for developer applications.",71,"2026-09-16"
"DeepSeek: DeepSeek V3.2 Exp","DeepSeek:","deepseek","https://www.deepseek.com","https://icon.horse/icon/deepseek.com","Multimodal / Text Generation",163840,"Closed Source / API Only","The DeepSeek: DeepSeek V3.2 Exp by deepseek is an advanced AI model. It features robust architecture and broad utility for developer applications.",67,"2026-09-16"
"TheDrummer: Cydonia 24B V4.1","TheDrummer:","thedrummer","https://www.thedrummer.com","N/A","Multimodal / Text Generation",131072,"Closed Source / API Only","The TheDrummer: Cydonia 24B V4.1 by thedrummer is an advanced AI model. It features robust architecture and broad utility for developer applications.",73,"2026-09-16"
"Relace: Relace Apply 3","Relace:","relace","https://www.relace.com","https://icon.horse/icon/relace.com","Multimodal / Text Generation",256000,"Closed Source / API Only","The Relace: Relace Apply 3 by relace is an advanced AI model. It features robust architecture and broad utility for developer applications.",83,"2026-09-16"
"Qwen: Qwen3 VL 235B A22B Thinking","Qwen:","qwen","https://www.qwen.com","https://icon.horse/icon/qwen.com","Multimodal / Text Generation",131072,"Closed Source / API Only","The Qwen: Qwen3 VL 235B A22B Thinking by qwen is an advanced AI model. It features robust architecture and broad utility for developer applications.",85,"2026-09-16"
"Qwen: Qwen3 VL 235B A22B Instruct","Qwen:","qwen","https://www.qwen.com","https://icon.horse/icon/qwen.com","Multimodal / Text Generation",262144,"Closed Source / API Only","The Qwen: Qwen3 VL 235B A22B Instruct by qwen is an advanced AI model. It features robust architecture and broad utility for developer applications.",91,"2026-09-16"
"Qwen: Qwen3 Max","Qwen:","qwen","https://www.qwen.com","https://icon.horse/icon/qwen.com","Multimodal / Text Generation",262144,"Closed Source / API Only","The Qwen: Qwen3 Max by qwen is an advanced AI model. It features robust architecture and broad utility for developer applications.",89,"2026-09-16"
"Qwen: Qwen3 Coder Plus","Qwen:","qwen","https://www.qwen.com","https://icon.horse/icon/qwen.com","Multimodal / Text Generation",1000000,"Closed Source / API Only","The Qwen: Qwen3 Coder Plus by qwen is an advanced AI model. It features robust architecture and broad utility for developer applications.",91,"2026-09-16"
"Qwen: Qwen3 Coder Flash","Qwen:","qwen","https://www.qwen.com","https://icon.horse/icon/qwen.com","Multimodal / Text Generation",1000000,"Closed Source / API Only","The Qwen: Qwen3 Coder Flash by qwen is an advanced AI model. It features robust architecture and broad utility for developer applications.",91,"2026-09-16"
"Qwen: Qwen3 Next 80B A3B Thinking","Qwen:","qwen","https://www.qwen.com","https://icon.horse/icon/qwen.com","Multimodal / Text Generation",262144,"Closed Source / API Only","The Qwen: Qwen3 Next 80B A3B Thinking by qwen is an advanced AI model. It features robust architecture and broad utility for developer applications.",93,"2026-09-16"
"Qwen: Qwen3 Next 80B A3B Instruct","Qwen:","qwen","https://www.qwen.com","https://icon.horse/icon/qwen.com","Multimodal / Text Generation",262144,"Closed Source / API Only","The Qwen: Qwen3 Next 80B A3B Instruct by qwen is an advanced AI model. It features robust architecture and broad utility for developer applications.",90,"2026-09-16"
"MoonshotAI: Kimi K2 0905","MoonshotAI:","moonshotai","https://www.moonshotai.com","N/A","Multimodal / Text Generation",262144,"Closed Source / API Only","The MoonshotAI: Kimi K2 0905 by moonshotai is an advanced AI model. It features robust architecture and broad utility for developer applications.",65,"2026-09-16"
"Qwen: Qwen3 30B A3B Thinking 2507","Qwen:","qwen","https://www.qwen.com","https://icon.horse/icon/qwen.com","Multimodal / Text Generation",81920,"Closed Source / API Only","The Qwen: Qwen3 30B A3B Thinking 2507 by qwen is an advanced AI model. It features robust architecture and broad utility for developer applications.",89,"2026-09-16"
"Nous: Hermes 4 405B","Nous:","nousresearch","https://www.nousresearch.com","https://icon.horse/icon/nousresearch.com","Multimodal / Text Generation",131072,"Closed Source / API Only","The Nous: Hermes 4 405B by nousresearch is an advanced AI model. It features robust architecture and broad utility for developer applications.",90,"2026-09-16"
"DeepSeek: DeepSeek V3.1","DeepSeek:","deepseek","https://www.deepseek.com","https://icon.horse/icon/deepseek.com","Multimodal / Text Generation",163840,"Closed Source / API Only","The DeepSeek: DeepSeek V3.1 by deepseek is an advanced AI model. It features robust architecture and broad utility for developer applications.",82,"2026-09-16"
"Mistral: Mistral Medium 3.1","Mistral:","mistralai","https://www.mistral.ai","https://icon.horse/icon/mistral.ai","Multimodal / Text Generation",131072,"Closed Source / API Only","The Mistral: Mistral Medium 3.1 by mistralai is an advanced AI model. It features robust architecture and broad utility for developer applications.",67,"2026-09-16"
"Mistral: Mistral Medium 3.1 (batch)","Mistral:","mistralai","https://www.mistral.ai","https://icon.horse/icon/mistral.ai","Multimodal / Text Generation",131072,"Closed Source / API Only","The Mistral: Mistral Medium 3.1 (batch) by mistralai is an advanced AI model. It features robust architecture and broad utility for developer applications.",82,"2026-09-16"
"OpenAI: GPT-5 (batch)","OpenAI:","openai","https://www.openai.com","https://icon.horse/icon/openai.com","Multimodal / Text Generation",400000,"Closed Source / API Only","The OpenAI: GPT-5 (batch) by openai is an advanced AI model. It features robust architecture and broad utility for developer applications.",73,"2026-09-16"
"OpenAI: GPT-5 Mini","OpenAI:","openai","https://www.openai.com","https://icon.horse/icon/openai.com","Multimodal / Text Generation",400000,"Closed Source / API Only","The OpenAI: GPT-5 Mini by openai is an advanced AI model. It features robust architecture and broad utility for developer applications.",65,"2026-09-16"
"OpenAI: GPT-5 Mini (batch)","OpenAI:","openai","https://www.openai.com","https://icon.horse/icon/openai.com","Multimodal / Text Generation",400000,"Closed Source / API Only","The OpenAI: GPT-5 Mini (batch) by openai is an advanced AI model. It features robust architecture and broad utility for developer applications.",69,"2026-09-16"
"OpenAI: GPT-5 Nano","OpenAI:","openai","https://www.openai.com","https://icon.horse/icon/openai.com","Multimodal / Text Generation",400000,"Closed Source / API Only","The OpenAI: GPT-5 Nano by openai is an advanced AI model. It features robust architecture and broad utility for developer applications.",76,"2026-09-16"
"OpenAI: GPT-5 Nano (batch)","OpenAI:","openai","https://www.openai.com","https://icon.horse/icon/openai.com","Multimodal / Text Generation",400000,"Closed Source / API Only","The OpenAI: GPT-5 Nano (batch) by openai is an advanced AI model. It features robust architecture and broad utility for developer applications.",75,"2026-09-16"
"OpenAI: gpt-oss-120b (batch)","OpenAI:","openai","https://www.openai.com","https://icon.horse/icon/openai.com","Multimodal / Text Generation",131072,"Closed Source / API Only","The OpenAI: gpt-oss-120b (batch) by openai is an advanced AI model. It features robust architecture and broad utility for developer applications.",79,"2026-09-16"
"OpenAI: gpt-oss-20b","OpenAI:","openai","https://www.openai.com","https://icon.horse/icon/openai.com","Multimodal / Text Generation",131072,"Closed Source / API Only","The OpenAI: gpt-oss-20b by openai is an advanced AI model. It features robust architecture and broad utility for developer applications.",60,"2026-09-16"
"Anthropic: Claude Opus 4.1","Anthropic:","anthropic","https://www.anthropic.com","https://icon.horse/icon/anthropic.com","Multimodal / Text Generation",200000,"Closed Source / API Only","The Anthropic: Claude Opus 4.1 by anthropic is an advanced AI model. It features robust architecture and broad utility for developer applications.",84,"2026-09-16"
"Anthropic: Claude Opus 4.1 (batch)","Anthropic:","anthropic","https://www.anthropic.com","https://icon.horse/icon/anthropic.com","Multimodal / Text Generation",200000,"Closed Source / API Only","The Anthropic: Claude Opus 4.1 (batch) by anthropic is an advanced AI model. It features robust architecture and broad utility for developer applications.",79,"2026-09-16"
"Mistral: Codestral 2508","Mistral:","mistralai","https://www.mistral.ai","https://icon.horse/icon/mistral.ai","Multimodal / Text Generation",256000,"Closed Source / API Only","The Mistral: Codestral 2508 by mistralai is an advanced AI model. It features robust architecture and broad utility for developer applications.",91,"2026-09-16"
"Mistral: Codestral 2508 (batch)","Mistral:","mistralai","https://www.mistral.ai","https://icon.horse/icon/mistral.ai","Multimodal / Text Generation",256000,"Closed Source / API Only","The Mistral: Codestral 2508 (batch) by mistralai is an advanced AI model. It features robust architecture and broad utility for developer applications.",64,"2026-09-16"
"Qwen: Qwen3 Coder 30B A3B Instruct","Qwen:","qwen","https://www.qwen.com","https://icon.horse/icon/qwen.com","Multimodal / Text Generation",262144,"Closed Source / API Only","The Qwen: Qwen3 Coder 30B A3B Instruct by qwen is an advanced AI model. It features robust architecture and broad utility for developer applications.",92,"2026-09-16"
"Qwen: Qwen3 30B A3B Instruct 2507","Qwen:","qwen","https://www.qwen.com","https://icon.horse/icon/qwen.com","Multimodal / Text Generation",262144,"Closed Source / API Only","The Qwen: Qwen3 30B A3B Instruct 2507 by qwen is an advanced AI model. It features robust architecture and broad utility for developer applications.",63,"2026-09-16"
"Z.ai: GLM 4.5 Air","Z.ai:","z-ai","https://www.zai.com","https://icon.horse/icon/zai.com","Multimodal / Text Generation",131072,"Closed Source / API Only","The Z.ai: GLM 4.5 Air by z-ai is an advanced AI model. It features robust architecture and broad utility for developer applications.",73,"2026-09-16"
"Qwen: Qwen3 235B A22B Thinking 2507","Qwen:","qwen","https://www.qwen.com","https://icon.horse/icon/qwen.com","Multimodal / Text Generation",131072,"Closed Source / API Only","The Qwen: Qwen3 235B A22B Thinking 2507 by qwen is an advanced AI model. It features robust architecture and broad utility for developer applications.",94,"2026-09-16"
"Qwen: Qwen3 Coder 480B A35B","Qwen:","qwen","https://www.qwen.com","https://icon.horse/icon/qwen.com","Multimodal / Text Generation",262144,"Closed Source / API Only","The Qwen: Qwen3 Coder 480B A35B by qwen is an advanced AI model. It features robust architecture and broad utility for developer applications.",90,"2026-09-16"
"ByteDance: UI-TARS 7B","ByteDance:","bytedance","https://www.bytedance.com","N/A","Multimodal / Text Generation",128000,"Closed Source / API Only","The ByteDance: UI-TARS 7B by bytedance is an advanced AI model. It features robust architecture and broad utility for developer applications.",71,"2026-09-16"
"Google: Gemini 2.5 Flash Lite","Google:","google","https://www.google.com","https://icon.horse/icon/google.com","Multimodal / Text Generation",1048576,"Closed Source / API Only","The Google: Gemini 2.5 Flash Lite by google is an advanced AI model. It features robust architecture and broad utility for developer applications.",68,"2026-09-16"
"Google: Gemini 2.5 Flash Lite (batch)","Google:","google","https://www.google.com","https://icon.horse/icon/google.com","Multimodal / Text Generation",1048576,"Closed Source / API Only","The Google: Gemini 2.5 Flash Lite (batch) by google is an advanced AI model. It features robust architecture and broad utility for developer applications.",80,"2026-09-16"
"Qwen: Qwen3 235B A22B Instruct 2507","Qwen:","qwen","https://www.qwen.com","https://icon.horse/icon/qwen.com","Multimodal / Text Generation",262144,"Closed Source / API Only","The Qwen: Qwen3 235B A22B Instruct 2507 by qwen is an advanced AI model. It features robust architecture and broad utility for developer applications.",63,"2026-09-16"
"MoonshotAI: Kimi K2 0711","MoonshotAI:","moonshotai","https://www.moonshotai.com","N/A","Multimodal / Text Generation",131072,"Closed Source / API Only","The MoonshotAI: Kimi K2 0711 by moonshotai is an advanced AI model. It features robust architecture and broad utility for developer applications.",63,"2026-09-16"
"Tencent: Hunyuan A13B Instruct","Tencent:","tencent","https://www.tencent.com","https://icon.horse/icon/tencent.com","Multimodal / Text Generation",131072,"Closed Source / API Only","The Tencent: Hunyuan A13B Instruct by tencent is an advanced AI model. It features robust architecture and broad utility for developer applications.",75,"2026-09-16"
"Morph: Morph V3 Large","Morph:","morph","https://www.morph.com","N/A","Multimodal / Text Generation",262144,"Closed Source / API Only","The Morph: Morph V3 Large by morph is an advanced AI model. It features robust architecture and broad utility for developer applications.",75,"2026-09-16"
"Morph: Morph V3 Fast","Morph:","morph","https://www.morph.com","N/A","Multimodal / Text Generation",81920,"Closed Source / API Only","The Morph: Morph V3 Fast by morph is an advanced AI model. It features robust architecture and broad utility for developer applications.",75,"2026-09-16"
"Baidu: ERNIE 4.5 VL 424B A47B","Baidu:","baidu","https://www.baidu.com","https://icon.horse/icon/baidu.com","Multimodal / Text Generation",123000,"Closed Source / API Only","The Baidu: ERNIE 4.5 VL 424B A47B by baidu is an advanced AI model. It features robust architecture and broad utility for developer applications.",87,"2026-09-16"
"Mistral: Mistral Small 3.2 24B","Mistral:","mistralai","https://www.mistral.ai","https://icon.horse/icon/mistral.ai","Multimodal / Text Generation",256000,"Closed Source / API Only","The Mistral: Mistral Small 3.2 24B by mistralai is an advanced AI model. It features robust architecture and broad utility for developer applications.",90,"2026-09-16"
"MiniMax: MiniMax M1","MiniMax:","minimax","https://www.minimax.com","https://icon.horse/icon/minimax.com","Multimodal / Text Generation",1000000,"Closed Source / API Only","The MiniMax: MiniMax M1 by minimax is an advanced AI model. It features robust architecture and broad utility for developer applications.",78,"2026-09-16"
"Google: Gemini 2.5 Flash","Google:","google","https://www.google.com","https://icon.horse/icon/google.com","Multimodal / Text Generation",1048576,"Closed Source / API Only","The Google: Gemini 2.5 Flash by google is an advanced AI model. It features robust architecture and broad utility for developer applications.",66,"2026-09-16"
"Google: Gemini 2.5 Flash (batch)","Google:","google","https://www.google.com","https://icon.horse/icon/google.com","Multimodal / Text Generation",1048576,"Closed Source / API Only","The Google: Gemini 2.5 Flash (batch) by google is an advanced AI model. It features robust architecture and broad utility for developer applications.",65,"2026-09-16"
"Google: Gemini 2.5 Pro","Google:","google","https://www.google.com","https://icon.horse/icon/google.com","Multimodal / Text Generation",1048576,"Closed Source / API Only","The Google: Gemini 2.5 Pro by google is an advanced AI model. It features robust architecture and broad utility for developer applications.",60,"2026-09-16"
"OpenAI: o3 Pro","OpenAI:","openai","https://www.openai.com","https://icon.horse/icon/openai.com","Multimodal / Text Generation",200000,"Closed Source / API Only","The OpenAI: o3 Pro by openai is an advanced AI model. It features robust architecture and broad utility for developer applications.",91,"2026-09-16"
"Google: Gemini 2.5 Pro Preview 06-05","Google:","google","https://www.google.com","https://icon.horse/icon/google.com","Multimodal / Text Generation",1048576,"Closed Source / API Only","The Google: Gemini 2.5 Pro Preview 06-05 by google is an advanced AI model. It features robust architecture and broad utility for developer applications.",65,"2026-09-16"
"DeepSeek: R1 0528","DeepSeek:","deepseek","https://www.deepseek.com","https://icon.horse/icon/deepseek.com","Multimodal / Text Generation",163840,"Closed Source / API Only","The DeepSeek: R1 0528 by deepseek is an advanced AI model. It features robust architecture and broad utility for developer applications.",72,"2026-09-16"
"Anthropic: Claude Sonnet 4","Anthropic:","anthropic","https://www.anthropic.com","https://icon.horse/icon/anthropic.com","Multimodal / Text Generation",1000000,"Closed Source / API Only","The Anthropic: Claude Sonnet 4 by anthropic is an advanced AI model. It features robust architecture and broad utility for developer applications.",78,"2026-09-16"
"Mistral: Mistral Medium 3","Mistral:","mistralai","https://www.mistral.ai","https://icon.horse/icon/mistral.ai","Multimodal / Text Generation",131072,"Closed Source / API Only","The Mistral: Mistral Medium 3 by mistralai is an advanced AI model. It features robust architecture and broad utility for developer applications.",60,"2026-09-16"
"Meta: Llama Guard 4 12B","Meta:","meta-llama","https://www.metallama.com","N/A","Multimodal / Text Generation",163840,"Closed Source / API Only","The Meta: Llama Guard 4 12B by meta-llama is an advanced AI model. It features robust architecture and broad utility for developer applications.",63,"2026-09-16"
"Qwen: Qwen3 30B A3B","Qwen:","qwen","https://www.qwen.com","https://icon.horse/icon/qwen.com","Multimodal / Text Generation",131072,"Closed Source / API Only","The Qwen: Qwen3 30B A3B by qwen is an advanced AI model. It features robust architecture and broad utility for developer applications.",92,"2026-09-16"
"Qwen: Qwen3 8B","Qwen:","qwen","https://www.qwen.com","https://icon.horse/icon/qwen.com","Multimodal / Text Generation",131072,"Closed Source / API Only","The Qwen: Qwen3 8B by qwen is an advanced AI model. It features robust architecture and broad utility for developer applications.",74,"2026-09-16"
"Qwen: Qwen3 14B","Qwen:","qwen","https://www.qwen.com","https://icon.horse/icon/qwen.com","Multimodal / Text Generation",131072,"Closed Source / API Only","The Qwen: Qwen3 14B by qwen is an advanced AI model. It features robust architecture and broad utility for developer applications.",63,"2026-09-16"
"Qwen: Qwen3 32B","Qwen:","qwen","https://www.qwen.com","https://icon.horse/icon/qwen.com","Multimodal / Text Generation",131072,"Closed Source / API Only","The Qwen: Qwen3 32B by qwen is an advanced AI model. It features robust architecture and broad utility for developer applications.",60,"2026-09-16"
"OpenAI: o4 Mini High","OpenAI:","openai","https://www.openai.com","https://icon.horse/icon/openai.com","Multimodal / Text Generation",200000,"Closed Source / API Only","The OpenAI: o4 Mini High by openai is an advanced AI model. It features robust architecture and broad utility for developer applications.",91,"2026-09-16"
"OpenAI: o3","OpenAI:","openai","https://www.openai.com","https://icon.horse/icon/openai.com","Multimodal / Text Generation",200000,"Closed Source / API Only","The OpenAI: o3 by openai is an advanced AI model. It features robust architecture and broad utility for developer applications.",86,"2026-09-16"
"OpenAI: o3 (batch)","OpenAI:","openai","https://www.openai.com","https://icon.horse/icon/openai.com","Multimodal / Text Generation",200000,"Closed Source / API Only","The OpenAI: o3 (batch) by openai is an advanced AI model. It features robust architecture and broad utility for developer applications.",91,"2026-09-16"
"OpenAI: o4 Mini","OpenAI:","openai","https://www.openai.com","https://icon.horse/icon/openai.com","Multimodal / Text Generation",200000,"Closed Source / API Only","The OpenAI: o4 Mini by openai is an advanced AI model. It features robust architecture and broad utility for developer applications.",66,"2026-09-16"
"OpenAI: o4 Mini (batch)","OpenAI:","openai","https://www.openai.com","https://icon.horse/icon/openai.com","Multimodal / Text Generation",200000,"Closed Source / API Only","The OpenAI: o4 Mini (batch) by openai is an advanced AI model. It features robust architecture and broad utility for developer applications.",87,"2026-09-16"
"OpenAI: GPT-4.1 (batch)","OpenAI:","openai","https://www.openai.com","https://icon.horse/icon/openai.com","Multimodal / Text Generation",1047576,"Closed Source / API Only","The OpenAI: GPT-4.1 (batch) by openai is an advanced AI model. It features robust architecture and broad utility for developer applications.",75,"2026-09-16"
"OpenAI: GPT-4.1 Mini","OpenAI:","openai","https://www.openai.com","https://icon.horse/icon/openai.com","Multimodal / Text Generation",1047576,"Closed Source / API Only","The OpenAI: GPT-4.1 Mini by openai is an advanced AI model. It features robust architecture and broad utility for developer applications.",65,"2026-09-16"
"OpenAI: GPT-4.1 Mini (batch)","OpenAI:","openai","https://www.openai.com","https://icon.horse/icon/openai.com","Multimodal / Text Generation",1047576,"Closed Source / API Only","The OpenAI: GPT-4.1 Mini (batch) by openai is an advanced AI model. It features robust architecture and broad utility for developer applications.",64,"2026-09-16"
"OpenAI: GPT-4.1 Nano","OpenAI:","openai","https://www.openai.com","https://icon.horse/icon/openai.com","Multimodal / Text Generation",1047576,"Closed Source / API Only","The OpenAI: GPT-4.1 Nano by openai is an advanced AI model. It features robust architecture and broad utility for developer applications.",89,"2026-09-16"
"Meta: Llama 4 Maverick","Meta:","meta-llama","https://www.metallama.com","N/A","Multimodal / Text Generation",1048576,"Closed Source / API Only","The Meta: Llama 4 Maverick by meta-llama is an advanced AI model. It features robust architecture and broad utility for developer applications.",70,"2026-09-16"
"Meta: Llama 4 Scout","Meta:","meta-llama","https://www.metallama.com","N/A","Multimodal / Text Generation",1310720,"Closed Source / API Only","The Meta: Llama 4 Scout by meta-llama is an advanced AI model. It features robust architecture and broad utility for developer applications.",77,"2026-09-16"
"DeepSeek: DeepSeek V3 0324","DeepSeek:","deepseek","https://www.deepseek.com","https://icon.horse/icon/deepseek.com","Multimodal / Text Generation",163840,"Closed Source / API Only","The DeepSeek: DeepSeek V3 0324 by deepseek is an advanced AI model. It features robust architecture and broad utility for developer applications.",68,"2026-09-16"
"OpenAI: o1-pro","OpenAI:","openai","https://www.openai.com","https://icon.horse/icon/openai.com","Multimodal / Text Generation",200000,"Closed Source / API Only","The OpenAI: o1-pro by openai is an advanced AI model. It features robust architecture and broad utility for developer applications.",94,"2026-09-16"
"Mistral: Mistral Small 3.1 24B","Mistral:","mistralai","https://www.mistral.ai","https://icon.horse/icon/mistral.ai","Multimodal / Text Generation",128000,"Closed Source / API Only","The Mistral: Mistral Small 3.1 24B by mistralai is an advanced AI model. It features robust architecture and broad utility for developer applications.",69,"2026-09-16"
"Google: Gemma 3 4B","Google:","google","https://www.google.com","https://icon.horse/icon/google.com","Multimodal / Text Generation",131072,"Closed Source / API Only","The Google: Gemma 3 4B by google is an advanced AI model. It features robust architecture and broad utility for developer applications.",77,"2026-09-16"
"Cohere: Command A","Cohere:","cohere","https://www.cohere.com","https://icon.horse/icon/cohere.com","Multimodal / Text Generation",256000,"Closed Source / API Only","The Cohere: Command A by cohere is an advanced AI model. It features robust architecture and broad utility for developer applications.",93,"2026-09-16"
"Reka Flash 3","Reka","rekaai","https://www.rekaai.com","https://icon.horse/icon/rekaai.com","Multimodal / Text Generation",65536,"Closed Source / API Only","The Reka Flash 3 by rekaai is an advanced AI model. It features robust architecture and broad utility for developer applications.",89,"2026-09-16"
"Google: Gemma 3 27B","Google:","google","https://www.google.com","https://icon.horse/icon/google.com","Multimodal / Text Generation",131072,"Closed Source / API Only","The Google: Gemma 3 27B by google is an advanced AI model. It features robust architecture and broad utility for developer applications.",65,"2026-09-16"
"TheDrummer: Skyfall 36B V2","TheDrummer:","thedrummer","https://www.thedrummer.com","N/A","Multimodal / Text Generation",32768,"Closed Source / API Only","The TheDrummer: Skyfall 36B V2 by thedrummer is an advanced AI model. It features robust architecture and broad utility for developer applications.",60,"2026-09-16"
"Perplexity: Sonar Reasoning Pro","Perplexity:","perplexity","https://www.perplexity.com","https://icon.horse/icon/perplexity.com","Multimodal / Text Generation",128000,"Closed Source / API Only","The Perplexity: Sonar Reasoning Pro by perplexity is an advanced AI model. It features robust architecture and broad utility for developer applications.",63,"2026-09-16"
"Perplexity: Sonar Pro","Perplexity:","perplexity","https://www.perplexity.com","https://icon.horse/icon/perplexity.com","Multimodal / Text Generation",200000,"Closed Source / API Only","The Perplexity: Sonar Pro by perplexity is an advanced AI model. It features robust architecture and broad utility for developer applications.",70,"2026-09-16"
"Perplexity: Sonar Deep Research","Perplexity:","perplexity","https://www.perplexity.com","https://icon.horse/icon/perplexity.com","Multimodal / Text Generation",128000,"Closed Source / API Only","The Perplexity: Sonar Deep Research by perplexity is an advanced AI model. It features robust architecture and broad utility for developer applications.",83,"2026-09-16"
"Mistral: Saba","Mistral:","mistralai","https://www.mistral.ai","https://icon.horse/icon/mistral.ai","Multimodal / Text Generation",32768,"Closed Source / API Only","The Mistral: Saba by mistralai is an advanced AI model. It features robust architecture and broad utility for developer applications.",62,"2026-09-16"
"OpenAI: o3 Mini High","OpenAI:","openai","https://www.openai.com","https://icon.horse/icon/openai.com","Multimodal / Text Generation",200000,"Closed Source / API Only","The OpenAI: o3 Mini High by openai is an advanced AI model. It features robust architecture and broad utility for developer applications.",91,"2026-09-16"
"AionLabs: Aion-RP 1.0 (8B)","AionLabs:","aion-labs","https://www.aionlabs.com","N/A","Multimodal / Text Generation",32768,"Closed Source / API Only","The AionLabs: Aion-RP 1.0 (8B) by aion-labs is an advanced AI model. It features robust architecture and broad utility for developer applications.",61,"2026-09-16"
"Qwen: Qwen2.5 VL 72B Instruct","Qwen:","qwen","https://www.qwen.com","https://icon.horse/icon/qwen.com","Multimodal / Text Generation",128000,"Closed Source / API Only","The Qwen: Qwen2.5 VL 72B Instruct by qwen is an advanced AI model. It features robust architecture and broad utility for developer applications.",76,"2026-09-16"
"OpenAI: o3 Mini","OpenAI:","openai","https://www.openai.com","https://icon.horse/icon/openai.com","Multimodal / Text Generation",200000,"Closed Source / API Only","The OpenAI: o3 Mini by openai is an advanced AI model. It features robust architecture and broad utility for developer applications.",88,"2026-09-16"
"OpenAI: o3 Mini (batch)","OpenAI:","openai","https://www.openai.com","https://icon.horse/icon/openai.com","Multimodal / Text Generation",200000,"Closed Source / API Only","The OpenAI: o3 Mini (batch) by openai is an advanced AI model. It features robust architecture and broad utility for developer applications.",88,"2026-09-16"
"Mistral: Mistral Small 3","Mistral:","mistralai","https://www.mistral.ai","https://icon.horse/icon/mistral.ai","Multimodal / Text Generation",32768,"Closed Source / API Only","The Mistral: Mistral Small 3 by mistralai is an advanced AI model. It features robust architecture and broad utility for developer applications.",84,"2026-09-16"
"Perplexity: Sonar","Perplexity:","perplexity","https://www.perplexity.com","https://icon.horse/icon/perplexity.com","Multimodal / Text Generation",127072,"Closed Source / API Only","The Perplexity: Sonar by perplexity is an advanced AI model. It features robust architecture and broad utility for developer applications.",65,"2026-09-16"
"DeepSeek: R1 Distill Llama 70B","DeepSeek:","deepseek","https://www.deepseek.com","https://icon.horse/icon/deepseek.com","Multimodal / Text Generation",8192,"Closed Source / API Only","The DeepSeek: R1 Distill Llama 70B by deepseek is an advanced AI model. It features robust architecture and broad utility for developer applications.",91,"2026-09-16"
"DeepSeek: R1","DeepSeek:","deepseek","https://www.deepseek.com","https://icon.horse/icon/deepseek.com","Multimodal / Text Generation",64000,"Closed Source / API Only","The DeepSeek: R1 by deepseek is an advanced AI model. It features robust architecture and broad utility for developer applications.",66,"2026-09-16"
"Microsoft: Phi 4","Microsoft:","microsoft","https://www.microsoft.com","https://icon.horse/icon/microsoft.com","Multimodal / Text Generation",16384,"Closed Source / API Only","The Microsoft: Phi 4 by microsoft is an advanced AI model. It features robust architecture and broad utility for developer applications.",79,"2026-09-16"
"DeepSeek: DeepSeek V3","DeepSeek:","deepseek","https://www.deepseek.com","https://icon.horse/icon/deepseek.com","Multimodal / Text Generation",163840,"Closed Source / API Only","The DeepSeek: DeepSeek V3 by deepseek is an advanced AI model. It features robust architecture and broad utility for developer applications.",74,"2026-09-16"
"Sao10K: Llama 3.3 Euryale 70B","Sao10K:","sao10k","https://www.saok.com","N/A","Multimodal / Text Generation",131072,"Closed Source / API Only","The Sao10K: Llama 3.3 Euryale 70B by sao10k is an advanced AI model. It features robust architecture and broad utility for developer applications.",87,"2026-09-16"
"OpenAI: o1","OpenAI:","openai","https://www.openai.com","https://icon.horse/icon/openai.com","Multimodal / Text Generation",200000,"Closed Source / API Only","The OpenAI: o1 by openai is an advanced AI model. It features robust architecture and broad utility for developer applications.",81,"2026-09-16"
"Cohere: Command R7B (12-2024)","Cohere:","cohere","https://www.cohere.com","https://icon.horse/icon/cohere.com","Multimodal / Text Generation",128000,"Closed Source / API Only","The Cohere: Command R7B (12-2024) by cohere is an advanced AI model. It features robust architecture and broad utility for developer applications.",94,"2026-09-16"
"Meta: Llama 3.3 70B Instruct","Meta:","meta-llama","https://www.metallama.com","https://icon.horse/icon/metallama.com","Multimodal / Text Generation",131072,"Closed Source / API Only","The Meta: Llama 3.3 70B Instruct by meta-llama is an advanced AI model. It features robust architecture and broad utility for developer applications.",61,"2026-09-16"
"Amazon: Nova Lite 1.0","Amazon:","amazon","https://www.amazon.com","https://icon.horse/icon/amazon.com","Multimodal / Text Generation",300000,"Closed Source / API Only","The Amazon: Nova Lite 1.0 by amazon is an advanced AI model. It features robust architecture and broad utility for developer applications.",90,"2026-09-16"
"Amazon: Nova Micro 1.0","Amazon:","amazon","https://www.amazon.com","https://icon.horse/icon/amazon.com","Multimodal / Text Generation",128000,"Closed Source / API Only","The Amazon: Nova Micro 1.0 by amazon is an advanced AI model. It features robust architecture and broad utility for developer applications.",70,"2026-09-16"
"OpenAI: GPT-4o (2024-11-20)","OpenAI:","openai","https://www.openai.com","https://icon.horse/icon/openai.com","Multimodal / Text Generation",128000,"Closed Source / API Only","The OpenAI: GPT-4o (2024-11-20) by openai is an advanced AI model. It features robust architecture and broad utility for developer applications.",88,"2026-09-16"
"Qwen2.5 Coder 32B Instruct","Qwen2.5","qwen","https://www.qwen.com","https://icon.horse/icon/qwen.com","Multimodal / Text Generation",32768,"Closed Source / API Only","The Qwen2.5 Coder 32B Instruct by qwen is an advanced AI model. It features robust architecture and broad utility for developer applications.",90,"2026-09-16"
"TheDrummer: UnslopNemo 12B","TheDrummer:","thedrummer","https://www.thedrummer.com","N/A","Multimodal / Text Generation",1024000,"Closed Source / API Only","The TheDrummer: UnslopNemo 12B by thedrummer is an advanced AI model. It features robust architecture and broad utility for developer applications.",80,"2026-09-16"
"Magnum v4 72B","Magnum","anthracite-org","https://www.anthraciteorg.com","https://icon.horse/icon/anthraciteorg.com","Multimodal / Text Generation",32768,"Closed Source / API Only","The Magnum v4 72B by anthracite-org is an advanced AI model. It features robust architecture and broad utility for developer applications.",79,"2026-09-16"
"Qwen: Qwen2.5 7B Instruct","Qwen:","qwen","https://www.qwen.com","https://icon.horse/icon/qwen.com","Multimodal / Text Generation",32768,"Closed Source / API Only","The Qwen: Qwen2.5 7B Instruct by qwen is an advanced AI model. It features robust architecture and broad utility for developer applications.",76,"2026-09-16"
"Meta: Llama 3.2 1B Instruct","Meta:","meta-llama","https://www.metallama.com","https://icon.horse/icon/metallama.com","Multimodal / Text Generation",60000,"Closed Source / API Only","The Meta: Llama 3.2 1B Instruct by meta-llama is an advanced AI model. It features robust architecture and broad utility for developer applications.",89,"2026-09-16"
"Meta: Llama 3.2 3B Instruct","Meta:","meta-llama","https://www.metallama.com","https://icon.horse/icon/metallama.com","Multimodal / Text Generation",131072,"Closed Source / API Only","The Meta: Llama 3.2 3B Instruct by meta-llama is an advanced AI model. It features robust architecture and broad utility for developer applications.",88,"2026-09-16"
"Qwen2.5 72B Instruct","Qwen2.5","qwen","https://www.qwen.com","https://icon.horse/icon/qwen.com","Multimodal / Text Generation",32768,"Closed Source / API Only","The Qwen2.5 72B Instruct by qwen is an advanced AI model. It features robust architecture and broad utility for developer applications.",77,"2026-09-16"
"Cohere: Command R (08-2024)","Cohere:","cohere","https://www.cohere.com","https://icon.horse/icon/cohere.com","Multimodal / Text Generation",128000,"Closed Source / API Only","The Cohere: Command R (08-2024) by cohere is an advanced AI model. It features robust architecture and broad utility for developer applications.",88,"2026-09-16"
"Cohere: Command R+ (08-2024)","Cohere:","cohere","https://www.cohere.com","https://icon.horse/icon/cohere.com","Multimodal / Text Generation",128000,"Closed Source / API Only","The Cohere: Command R+ (08-2024) by cohere is an advanced AI model. It features robust architecture and broad utility for developer applications.",80,"2026-09-16"
"Sao10K: Llama 3.1 Euryale 70B v2.2","Sao10K:","sao10k","https://www.saok.com","N/A","Multimodal / Text Generation",131072,"Closed Source / API Only","The Sao10K: Llama 3.1 Euryale 70B v2.2 by sao10k is an advanced AI model. It features robust architecture and broad utility for developer applications.",70,"2026-09-16"
"Nous: Hermes 3 70B Instruct","Nous:","nousresearch","https://www.nousresearch.com","https://icon.horse/icon/nousresearch.com","Multimodal / Text Generation",131072,"Closed Source / API Only","The Nous: Hermes 3 70B Instruct by nousresearch is an advanced AI model. It features robust architecture and broad utility for developer applications.",73,"2026-09-16"
"Sao10K: Llama 3 8B Lunaris","Sao10K:","sao10k","https://www.saok.com","N/A","Multimodal / Text Generation",8192,"Closed Source / API Only","The Sao10K: Llama 3 8B Lunaris by sao10k is an advanced AI model. It features robust architecture and broad utility for developer applications.",85,"2026-09-16"
"OpenAI: GPT-4o (2024-08-06)","OpenAI:","openai","https://www.openai.com","https://icon.horse/icon/openai.com","Multimodal / Text Generation",128000,"Closed Source / API Only","The OpenAI: GPT-4o (2024-08-06) by openai is an advanced AI model. It features robust architecture and broad utility for developer applications.",94,"2026-09-16"
"Meta: Llama 3.1 70B Instruct","Meta:","meta-llama","https://www.metallama.com","https://icon.horse/icon/metallama.com","Multimodal / Text Generation",131072,"Closed Source / API Only","The Meta: Llama 3.1 70B Instruct by meta-llama is an advanced AI model. It features robust architecture and broad utility for developer applications.",78,"2026-09-16"
"Meta: Llama 3.1 8B Instruct","Meta:","meta-llama","https://www.metallama.com","https://icon.horse/icon/metallama.com","Multimodal / Text Generation",131072,"Closed Source / API Only","The Meta: Llama 3.1 8B Instruct by meta-llama is an advanced AI model. It features robust architecture and broad utility for developer applications.",66,"2026-09-16"
"Mistral: Mistral Nemo","Mistral:","mistralai","https://www.mistral.ai","https://icon.horse/icon/mistral.ai","Multimodal / Text Generation",131072,"Closed Source / API Only","The Mistral: Mistral Nemo by mistralai is an advanced AI model. It features robust architecture and broad utility for developer applications.",67,"2026-09-16"
"OpenAI: GPT-4o-mini","OpenAI:","openai","https://www.openai.com","https://icon.horse/icon/openai.com","Multimodal / Text Generation",128000,"Closed Source / API Only","The OpenAI: GPT-4o-mini by openai is an advanced AI model. It features robust architecture and broad utility for developer applications.",91,"2026-09-16"
"OpenAI: GPT-4o-mini (2024-07-18)","OpenAI:","openai","https://www.openai.com","https://icon.horse/icon/openai.com","Multimodal / Text Generation",128000,"Closed Source / API Only","The OpenAI: GPT-4o-mini (2024-07-18) by openai is an advanced AI model. It features robust architecture and broad utility for developer applications.",88,"2026-09-16"
"OpenAI: GPT-4o-mini (batch)","OpenAI:","openai","https://www.openai.com","https://icon.horse/icon/openai.com","Multimodal / Text Generation",128000,"Closed Source / API Only","The OpenAI: GPT-4o-mini (batch) by openai is an advanced AI model. It features robust architecture and broad utility for developer applications.",62,"2026-09-16"
"OpenAI: GPT-4o","OpenAI:","openai","https://www.openai.com","https://icon.horse/icon/openai.com","Multimodal / Text Generation",128000,"Closed Source / API Only","The OpenAI: GPT-4o by openai is an advanced AI model. It features robust architecture and broad utility for developer applications.",82,"2026-09-16"
"OpenAI: GPT-4o (2024-05-13)","OpenAI:","openai","https://www.openai.com","https://icon.horse/icon/openai.com","Multimodal / Text Generation",128000,"Closed Source / API Only","The OpenAI: GPT-4o (2024-05-13) by openai is an advanced AI model. It features robust architecture and broad utility for developer applications.",69,"2026-09-16"
"Mistral: Mixtral 8x22B Instruct","Mistral:","mistralai","https://www.mistral.ai","https://icon.horse/icon/mistral.ai","Multimodal / Text Generation",65536,"Closed Source / API Only","The Mistral: Mixtral 8x22B Instruct by mistralai is an advanced AI model. It features robust architecture and broad utility for developer applications.",64,"2026-09-16"
"OpenAI: GPT-4 Turbo (batch)","OpenAI:","openai","https://www.openai.com","https://icon.horse/icon/openai.com","Multimodal / Text Generation",128000,"Closed Source / API Only","The OpenAI: GPT-4 Turbo (batch) by openai is an advanced AI model. It features robust architecture and broad utility for developer applications.",88,"2026-09-16"
"Anthropic: Claude 3 Haiku","Anthropic:","anthropic","https://www.anthropic.com","https://icon.horse/icon/anthropic.com","Multimodal / Text Generation",200000,"Closed Source / API Only","The Anthropic: Claude 3 Haiku by anthropic is an advanced AI model. It features robust architecture and broad utility for developer applications.",64,"2026-09-16"
"Mistral Large","Mistral","mistralai","https://www.mistral.ai","https://icon.horse/icon/mistral.ai","Multimodal / Text Generation",128000,"Closed Source / API Only","The Mistral Large by mistralai is an advanced AI model. It features robust architecture and broad utility for developer applications.",83,"2026-09-16"
"OpenAI: GPT-3.5 Turbo (older v0613)","OpenAI:","openai","https://www.openai.com","https://icon.horse/icon/openai.com","Multimodal / Text Generation",4095,"Closed Source / API Only","The OpenAI: GPT-3.5 Turbo (older v0613) by openai is an advanced AI model. It features robust architecture and broad utility for developer applications.",86,"2026-09-16"
"Auto Router","Auto","openrouter","https://www.openrouter.com","https://icon.horse/icon/openrouter.com","Multimodal / Text Generation",2000000,"Closed Source / API Only","The Auto Router by openrouter is an advanced AI model. It features robust architecture and broad utility for developer applications.",86,"2026-09-16"
"OpenAI: GPT-3.5 Turbo Instruct","OpenAI:","openai","https://www.openai.com","https://icon.horse/icon/openai.com","Multimodal / Text Generation",4095,"Closed Source / API Only","The OpenAI: GPT-3.5 Turbo Instruct by openai is an advanced AI model. It features robust architecture and broad utility for developer applications.",86,"2026-09-16"
"OpenAI: GPT-3.5 Turbo 16k","OpenAI:","openai","https://www.openai.com","https://icon.horse/icon/openai.com","Multimodal / Text Generation",16385,"Closed Source / API Only","The OpenAI: GPT-3.5 Turbo 16k by openai is an advanced AI model. It features robust architecture and broad utility for developer applications.",86,"2026-09-16"
"ReMM SLERP 13B","ReMM","undi95","https://www.undi.com","N/A","Multimodal / Text Generation",6144,"Closed Source / API Only","The ReMM SLERP 13B by undi95 is an advanced AI model. It features robust architecture and broad utility for developer applications.",88,"2026-09-16"
"MythoMax 13B","MythoMax","gryphe","https://www.gryphe.com","N/A","Multimodal / Text Generation",8192,"Closed Source / API Only","The MythoMax 13B by gryphe is an advanced AI model. It features robust architecture and broad utility for developer applications.",70,"2026-09-16"
"OpenAI: GPT-3.5 Turbo","OpenAI:","openai","https://www.openai.com","https://icon.horse/icon/openai.com","Multimodal / Text Generation",16385,"Closed Source / API Only","The OpenAI: GPT-3.5 Turbo by openai is an advanced AI model. It features robust architecture and broad utility for developer applications.",89,"2026-09-16"
"OpenAI: GPT-3.5 Turbo (batch)","OpenAI:","openai","https://www.openai.com","https://icon.horse/icon/openai.com","Multimodal / Text Generation",16385,"Closed Source / API Only","The OpenAI: GPT-3.5 Turbo (batch) by openai is an advanced AI model. It features robust architecture and broad utility for developer applications.",74,"2026-09-16"
"OpenAI: GPT-4","OpenAI:","openai","https://www.openai.com","https://icon.horse/icon/openai.com","Multimodal / Text Generation",8191,"Closed Source / API Only","The OpenAI: GPT-4 by openai is an advanced AI model. It features robust architecture and broad utility for developer applications.",74,"2026-09-16"
"all-MiniLM-L6-v2","all-MiniLM-L6-v2","sentence-transformers","https://www.sentencetransformers.com","N/A","sentence-similarity","N/A","Open-Source (Permissive)","The all-MiniLM-L6-v2 by sentence-transformers is an advanced AI model. It features robust architecture and broad utility for developer applications.",81,"2026-09-16"
"ms-marco-MiniLM-L6-v2","ms-marco-MiniLM-L6-v2","cross-encoder","https://www.crossencoder.com","N/A","text-ranking","N/A","Open-Source (Permissive)","The ms-marco-MiniLM-L6-v2 by cross-encoder is an advanced AI model. It features robust architecture and broad utility for developer applications.",75,"2026-09-16"
"bge-small-en-v1.5","bge-small-en-v1.5","BAAI","https://www.baai.com","N/A","feature-extraction","N/A","Open-Source (Permissive)","The bge-small-en-v1.5 by BAAI is an advanced AI model. It features robust architecture and broad utility for developer applications.",94,"2026-09-16"
"electra-base-discriminator","electra-base-discriminator","google","https://www.google.com","https://icon.horse/icon/google.com","Multimodal / Text Generation","N/A","Open-Source (Permissive)","The electra-base-discriminator by google is an advanced AI model. It features robust architecture and broad utility for developer applications.",73,"2026-09-16"
"bert-base-uncased","bert-base-uncased","google-bert","https://www.googlebert.com","N/A","fill-mask","N/A","Open-Source (Permissive)","The bert-base-uncased by google-bert is an advanced AI model. It features robust architecture and broad utility for developer applications.",93,"2026-09-16"
"paraphrase-multilingual-MiniLM-L12-v2","paraphrase-multilingual-MiniLM-L12-v2","sentence-transformers","https://www.sentencetransformers.com","N/A","sentence-similarity","N/A","Open-Source (Permissive)","The paraphrase-multilingual-MiniLM-L12-v2 by sentence-transformers is an advanced AI model. It features robust architecture and broad utility for developer applications.",94,"2026-09-16"
"bge-m3","bge-m3","BAAI","https://www.baai.com","N/A","sentence-similarity","N/A","Open-Source (Permissive)","The bge-m3 by BAAI is an advanced AI model. It features robust architecture and broad utility for developer applications.",87,"2026-09-16"
"t5-small","t5-small","google-t5","https://www.googlet.com","N/A","translation","N/A","Open-Source (Permissive)","The t5-small by google-t5 is an advanced AI model. It features robust architecture and broad utility for developer applications.",78,"2026-09-16"
"all-mpnet-base-v2","all-mpnet-base-v2","sentence-transformers","https://www.sentencetransformers.com","N/A","sentence-similarity","N/A","Open-Source (Permissive)","The all-mpnet-base-v2 by sentence-transformers is an advanced AI model. It features robust architecture and broad utility for developer applications.",66,"2026-09-16"
"chronos-2","chronos-2","amazon","https://www.amazon.com","https://icon.horse/icon/amazon.com","time-series-forecasting","N/A","Open-Source (Permissive)","The chronos-2 by amazon is an advanced AI model. It features robust architecture and broad utility for developer applications.",67,"2026-09-16"
"xlm-roberta-base","xlm-roberta-base","FacebookAI","https://www.facebookai.com","N/A","fill-mask","N/A","Open-Source (Permissive)","The xlm-roberta-base by FacebookAI is an advanced AI model. It features robust architecture and broad utility for developer applications.",65,"2026-09-16"
"Qwen3-0.6B","Qwen3-0.6B","Qwen","https://www.qwen.com","https://icon.horse/icon/qwen.com","text-generation","N/A","Open-Source (Permissive)","The Qwen3-0.6B by Qwen is an advanced AI model. It features robust architecture and broad utility for developer applications.",72,"2026-09-16"
"clip-vit-base-patch32","clip-vit-base-patch32","openai","https://www.openai.com","https://icon.horse/icon/openai.com","zero-shot-image-classification","N/A","Open-Source (Permissive)","The clip-vit-base-patch32 by openai is an advanced AI model. It features robust architecture and broad utility for developer applications.",76,"2026-09-16"
"MiniMax-H3","MiniMax-H3","Comfy-Org","https://www.comfyorg.com","N/A","Multimodal / Text Generation","N/A","Open-Source (Permissive)","The MiniMax-H3 by Comfy-Org is an advanced AI model. It features robust architecture and broad utility for developer applications.",90,"2026-09-16"
"Qwen3-VL-8B-Instruct","Qwen3-VL-8B-Instruct","Qwen","https://www.qwen.com","https://icon.horse/icon/qwen.com","image-text-to-text","N/A","Open-Source (Permissive)","The Qwen3-VL-8B-Instruct by Qwen is an advanced AI model. It features robust architecture and broad utility for developer applications.",94,"2026-09-16"
"bge-reranker-v2-m3","bge-reranker-v2-m3","BAAI","https://www.baai.com","N/A","text-classification","N/A","Open-Source (Permissive)","The bge-reranker-v2-m3 by BAAI is an advanced AI model. It features robust architecture and broad utility for developer applications.",61,"2026-09-16"
"mobilenetv3_small_100.lamb_in1k","mobilenetv3_small_100.lamb_in1k","timm","https://www.timm.com","N/A","image-classification","N/A","Open-Source (Permissive)","The mobilenetv3_small_100.lamb_in1k by timm is an advanced AI model. It features robust architecture and broad utility for developer applications.",61,"2026-09-16"
"wav2vec2-large-xlsr-53-japanese","wav2vec2-large-xlsr-53-japanese","jonatasgrosman","https://www.jonatasgrosman.com","https://icon.horse/icon/jonatasgrosman.com","automatic-speech-recognition","N/A","Open-Source (Permissive)","The wav2vec2-large-xlsr-53-japanese by jonatasgrosman is an advanced AI model. It features robust architecture and broad utility for developer applications.",68,"2026-09-16"
"gpt2","gpt2","openai-community","https://www.openaicommunity.com","N/A","text-generation","N/A","Open-Source (Permissive)","The gpt2 by openai-community is an advanced AI model. It features robust architecture and broad utility for developer applications.",88,"2026-09-16"
"tiny-Qwen2ForCausalLM-2.5","tiny-Qwen2ForCausalLM-2.5","trl-internal-testing","https://www.trlinternaltesting.com","N/A","text-generation","N/A","Open-Source (Permissive)","The tiny-Qwen2ForCausalLM-2.5 by trl-internal-testing is an advanced AI model. It features robust architecture and broad utility for developer applications.",71,"2026-09-16"
"stable-diffusion-v1-5-archive","stable-diffusion-v1-5-archive","Comfy-Org","https://www.comfyorg.com","N/A","Multimodal / Text Generation","N/A","Open-Source (Permissive)","The stable-diffusion-v1-5-archive by Comfy-Org is an advanced AI model. It features robust architecture and broad utility for developer applications.",71,"2026-09-16"
"nomic-embed-text-v1.5","nomic-embed-text-v1.5","nomic-ai","https://www.nomicai.com","N/A","sentence-similarity","N/A","Open-Source (Permissive)","The nomic-embed-text-v1.5 by nomic-ai is an advanced AI model. It features robust architecture and broad utility for developer applications.",68,"2026-09-16"
"Qwen3-8B","Qwen3-8B","Qwen","https://www.qwen.com","https://icon.horse/icon/qwen.com","text-generation","N/A","Open-Source (Permissive)","The Qwen3-8B by Qwen is an advanced AI model. It features robust architecture and broad utility for developer applications.",64,"2026-09-16"
"efficientnet_b3.ra2_in1k","efficientnet_b3.ra2_in1k","timm","https://www.timm.com","N/A","image-classification","N/A","Open-Source (Permissive)","The efficientnet_b3.ra2_in1k by timm is an advanced AI model. It features robust architecture and broad utility for developer applications.",65,"2026-09-16"
"bge-large-en-v1.5","bge-large-en-v1.5","BAAI","https://www.baai.com","N/A","feature-extraction","N/A","Open-Source (Permissive)","The bge-large-en-v1.5 by BAAI is an advanced AI model. It features robust architecture and broad utility for developer applications.",86,"2026-09-16"
"Kokoro-82M","Kokoro-82M","hexgrad","https://www.hexgrad.com","N/A","text-to-speech","N/A","Open-Source (Permissive)","The Kokoro-82M by hexgrad is an advanced AI model. It features robust architecture and broad utility for developer applications.",71,"2026-09-16"
"Qwen3.6-35B-A3B-FP8","Qwen3.6-35B-A3B-FP8","Qwen","https://www.qwen.com","https://icon.horse/icon/qwen.com","image-text-to-text","N/A","Open-Source (Permissive)","The Qwen3.6-35B-A3B-FP8 by Qwen is an advanced AI model. It features robust architecture and broad utility for developer applications.",60,"2026-09-16"
"bge-base-en-v1.5","bge-base-en-v1.5","BAAI","https://www.baai.com","N/A","feature-extraction","N/A","Open-Source (Permissive)","The bge-base-en-v1.5 by BAAI is an advanced AI model. It features robust architecture and broad utility for developer applications.",81,"2026-09-16"
"Qwen2.5-7B-Instruct","Qwen2.5-7B-Instruct","Qwen","https://www.qwen.com","https://icon.horse/icon/qwen.com","text-generation","N/A","Open-Source (Permissive)","The Qwen2.5-7B-Instruct by Qwen is an advanced AI model. It features robust architecture and broad utility for developer applications.",62,"2026-09-16"
"adetailer","adetailer","Bingsu","https://www.bingsu.com","N/A","Multimodal / Text Generation","N/A","Open-Source (Permissive)","The adetailer by Bingsu is an advanced AI model. It features robust architecture and broad utility for developer applications.",91,"2026-09-16"
"gemma-4-26B-A4B-it","gemma-4-26B-A4B-it","google","https://www.google.com","https://icon.horse/icon/google.com","image-text-to-text","N/A","Open-Source (Permissive)","The gemma-4-26B-A4B-it by google is an advanced AI model. It features robust architecture and broad utility for developer applications.",79,"2026-09-16"
"paraphrase-multilingual-mpnet-base-v2","paraphrase-multilingual-mpnet-base-v2","sentence-transformers","https://www.sentencetransformers.com","N/A","sentence-similarity","N/A","Open-Source (Permissive)","The paraphrase-multilingual-mpnet-base-v2 by sentence-transformers is an advanced AI model. It features robust architecture and broad utility for developer applications.",63,"2026-09-16"
"Qwen3.5-9B","Qwen3.5-9B","Qwen","https://www.qwen.com","https://icon.horse/icon/qwen.com","image-text-to-text","N/A","Open-Source (Permissive)","The Qwen3.5-9B by Qwen is an advanced AI model. It features robust architecture and broad utility for developer applications.",91,"2026-09-16"
"chronos-bolt-small","chronos-bolt-small","amazon","https://www.amazon.com","https://icon.horse/icon/amazon.com","time-series-forecasting","N/A","Open-Source (Permissive)","The chronos-bolt-small by amazon is an advanced AI model. It features robust architecture and broad utility for developer applications.",74,"2026-09-16"
"gemma-4-31B-it","gemma-4-31B-it","google","https://www.google.com","https://icon.horse/icon/google.com","image-text-to-text","N/A","Open-Source (Permissive)","The gemma-4-31B-it by google is an advanced AI model. It features robust architecture and broad utility for developer applications.",60,"2026-09-16"
"chronos-2","chronos-2","autogluon","https://www.autogluon.com","N/A","time-series-forecasting","N/A","Open-Source (Permissive)","The chronos-2 by autogluon is an advanced AI model. It features robust architecture and broad utility for developer applications.",76,"2026-09-16"
"Qwen2.5-0.5B-Instruct","Qwen2.5-0.5B-Instruct","Qwen","https://www.qwen.com","https://icon.horse/icon/qwen.com","text-generation","N/A","Open-Source (Permissive)","The Qwen2.5-0.5B-Instruct by Qwen is an advanced AI model. It features robust architecture and broad utility for developer applications.",68,"2026-09-16"
"Krea-2","Krea-2","Comfy-Org","https://www.comfyorg.com","N/A","Multimodal / Text Generation","N/A","Open-Source (Permissive)","The Krea-2 by Comfy-Org is an advanced AI model. It features robust architecture and broad utility for developer applications.",84,"2026-09-16"
"speaker-diarization-3.1","speaker-diarization-3.1","pyannote","https://www.pyannote.com","N/A","automatic-speech-recognition","N/A","Open-Source (Permissive)","The speaker-diarization-3.1 by pyannote is an advanced AI model. It features robust architecture and broad utility for developer applications.",91,"2026-09-16"
"clip-vit-large-patch14","clip-vit-large-patch14","openai","https://www.openai.com","https://icon.horse/icon/openai.com","zero-shot-image-classification","N/A","Open-Source (Permissive)","The clip-vit-large-patch14 by openai is an advanced AI model. It features robust architecture and broad utility for developer applications.",68,"2026-09-16"
"contriever","contriever","facebook","https://www.facebook.com","https://icon.horse/icon/facebook.com","Multimodal / Text Generation","N/A","Open-Source (Permissive)","The contriever by facebook is an advanced AI model. It features robust architecture and broad utility for developer applications.",82,"2026-09-16"
"clap-htsat-fused","clap-htsat-fused","laion","https://www.laion.com","N/A","audio-classification","N/A","Open-Source (Permissive)","The clap-htsat-fused by laion is an advanced AI model. It features robust architecture and broad utility for developer applications.",84,"2026-09-16"
"opt-125m","opt-125m","facebook","https://www.facebook.com","https://icon.horse/icon/facebook.com","text-generation","N/A","Open-Source (Permissive)","The opt-125m by facebook is an advanced AI model. It features robust architecture and broad utility for developer applications.",86,"2026-09-16"
"Qwen3.8-27B-FP8","Qwen3.8-27B-FP8","Qwen","https://www.qwen.com","https://icon.horse/icon/qwen.com","image-text-to-text","N/A","Open-Source (Permissive)","The Qwen3.8-27B-FP8 by Qwen is an advanced AI model. It features robust architecture and broad utility for developer applications.",85,"2026-09-16"
"Qwen3.8-27B","Qwen3.8-27B","Qwen","https://www.qwen.com","https://icon.horse/icon/qwen.com","image-text-to-text","N/A","Open-Source (Permissive)","The Qwen3.8-27B by Qwen is an advanced AI model. It features robust architecture and broad utility for developer applications.",61,"2026-09-16"
"OTel-2.0-LLM-31B-IT","OTel-2.0-LLM-31B-IT","farbodtavakkoli","https://www.farbodtavakkoli.com","https://icon.horse/icon/farbodtavakkoli.com","text-generation","N/A","Open-Source (Permissive)","The OTel-2.0-LLM-31B-IT by farbodtavakkoli is an advanced AI model. It features robust architecture and broad utility for developer applications.",64,"2026-09-16"
"multilingual-e5-base","multilingual-e5-base","intfloat","https://www.intfloat.com","N/A","sentence-similarity","N/A","Open-Source (Permissive)","The multilingual-e5-base by intfloat is an advanced AI model. It features robust architecture and broad utility for developer applications.",64,"2026-09-16"
"XTTS-v2","XTTS-v2","coqui","https://www.coqui.com","N/A","text-to-speech","N/A","Open-Source (Permissive)","The XTTS-v2 by coqui is an advanced AI model. It features robust architecture and broad utility for developer applications.",81,"2026-09-16"
"Qwen2.5-1.5B-Instruct","Qwen2.5-1.5B-Instruct","Qwen","https://www.qwen.com","https://icon.horse/icon/qwen.com","text-generation","N/A","Open-Source (Permissive)","The Qwen2.5-1.5B-Instruct by Qwen is an advanced AI model. It features robust architecture and broad utility for developer applications.",75,"2026-09-16"
"Qwen3.5-4B","Qwen3.5-4B","Qwen","https://www.qwen.com","https://icon.horse/icon/qwen.com","image-text-to-text","N/A","Open-Source (Permissive)","The Qwen3.5-4B by Qwen is an advanced AI model. It features robust architecture and broad utility for developer applications.",94,"2026-09-16"
"Qwen2.5-VL-7B-Instruct","Qwen2.5-VL-7B-Instruct","Qwen","https://www.qwen.com","https://icon.horse/icon/qwen.com","image-text-to-text","N/A","Open-Source (Permissive)","The Qwen2.5-VL-7B-Instruct by Qwen is an advanced AI model. It features robust architecture and broad utility for developer applications.",75,"2026-09-16"
"multilingual-e5-large","multilingual-e5-large","intfloat","https://www.intfloat.com","N/A","feature-extraction","N/A","Open-Source (Permissive)","The multilingual-e5-large by intfloat is an advanced AI model. It features robust architecture and broad utility for developer applications.",66,"2026-09-16"
"Qwen3-4B","Qwen3-4B","Qwen","https://www.qwen.com","https://icon.horse/icon/qwen.com","text-generation","N/A","Open-Source (Permissive)","The Qwen3-4B by Qwen is an advanced AI model. It features robust architecture and broad utility for developer applications.",70,"2026-09-16"
"chronos-2-small","chronos-2-small","autogluon","https://www.autogluon.com","N/A","time-series-forecasting","N/A","Open-Source (Permissive)","The chronos-2-small by autogluon is an advanced AI model. It features robust architecture and broad utility for developer applications.",90,"2026-09-16"
"vit-base-patch16-224","vit-base-patch16-224","google","https://www.google.com","https://icon.horse/icon/google.com","image-classification","N/A","Open-Source (Permissive)","The vit-base-patch16-224 by google is an advanced AI model. It features robust architecture and broad utility for developer applications.",61,"2026-09-16"
"whisper-large-v3-turbo","whisper-large-v3-turbo","openai","https://www.openai.com","https://icon.horse/icon/openai.com","automatic-speech-recognition","N/A","Open-Source (Permissive)","The whisper-large-v3-turbo by openai is an advanced AI model. It features robust architecture and broad utility for developer applications.",61,"2026-09-16"
"Llama-3.2-1B-Instruct","Llama-3.2-1B-Instruct","meta-llama","https://www.metallama.com","https://icon.horse/icon/metallama.com","text-generation","N/A","Open-Weight (Restrictive Commercial)","The Llama-3.2-1B-Instruct by meta-llama is an advanced AI model. It features robust architecture and broad utility for developer applications.",83,"2026-09-16"
"gpt-oss-20b","gpt-oss-20b","openai","https://www.openai.com","https://icon.horse/icon/openai.com","text-generation","N/A","Open-Source (Permissive)","The gpt-oss-20b by openai is an advanced AI model. It features robust architecture and broad utility for developer applications.",61,"2026-09-16"
"wespeaker-voxceleb-resnet34-LM","wespeaker-voxceleb-resnet34-LM","pyannote","https://www.pyannote.com","N/A","Multimodal / Text Generation","N/A","Open-Source (Permissive)","The wespeaker-voxceleb-resnet34-LM by pyannote is an advanced AI model. It features robust architecture and broad utility for developer applications.",84,"2026-09-16"
"granite-embedding-small-english-r2","granite-embedding-small-english-r2","ibm-granite","https://www.ibmgranite.com","https://icon.horse/icon/ibmgranite.com","feature-extraction","N/A","Open-Source (Permissive)","The granite-embedding-small-english-r2 by ibm-granite is an advanced AI model. It features robust architecture and broad utility for developer applications.",73,"2026-09-16"
"roberta-large","roberta-large","FacebookAI","https://www.facebookai.com","N/A","fill-mask","N/A","Open-Source (Permissive)","The roberta-large by FacebookAI is an advanced AI model. It features robust architecture and broad utility for developer applications.",91,"2026-09-16"
"chronos-bolt-small","chronos-bolt-small","autogluon","https://www.autogluon.com","N/A","time-series-forecasting","N/A","Open-Source (Permissive)","The chronos-bolt-small by autogluon is an advanced AI model. It features robust architecture and broad utility for developer applications.",82,"2026-09-16"
"Llama-3.1-8B-Instruct","Llama-3.1-8B-Instruct","meta-llama","https://www.metallama.com","https://icon.horse/icon/metallama.com","text-generation","N/A","Open-Weight (Restrictive Commercial)","The Llama-3.1-8B-Instruct by meta-llama is an advanced AI model. It features robust architecture and broad utility for developer applications.",78,"2026-09-16"
"wav2vec2-large-xlsr-53-portuguese","wav2vec2-large-xlsr-53-portuguese","jonatasgrosman","https://www.jonatasgrosman.com","https://icon.horse/icon/jonatasgrosman.com","automatic-speech-recognition","N/A","Open-Source (Permissive)","The wav2vec2-large-xlsr-53-portuguese by jonatasgrosman is an advanced AI model. It features robust architecture and broad utility for developer applications.",91,"2026-09-16"
"Wan_2.2_ComfyUI_Repackaged","Wan_2.2_ComfyUI_Repackaged","Comfy-Org","https://www.comfyorg.com","N/A","image-to-video","N/A","Open-Source (Permissive)","The Wan_2.2_ComfyUI_Repackaged by Comfy-Org is an advanced AI model. It features robust architecture and broad utility for developer applications.",85,"2026-09-16"
"finbert","finbert","ProsusAI","https://www.prosusai.com","https://icon.horse/icon/prosusai.com","text-classification","N/A","Open-Source (Permissive)","The finbert by ProsusAI is an advanced AI model. It features robust architecture and broad utility for developer applications.",93,"2026-09-16"
"Qwen2.5-3B-Instruct","Qwen2.5-3B-Instruct","Qwen","https://www.qwen.com","https://icon.horse/icon/qwen.com","text-generation","N/A","Open-Source (Permissive)","The Qwen2.5-3B-Instruct by Qwen is an advanced AI model. It features robust architecture and broad utility for developer applications.",66,"2026-09-16"
"gpt-oss-120b","gpt-oss-120b","openai","https://www.openai.com","https://icon.horse/icon/openai.com","text-generation","N/A","Open-Source (Permissive)","The gpt-oss-120b by openai is an advanced AI model. It features robust architecture and broad utility for developer applications.",68,"2026-09-16"
"bge-small-zh-v1.5","bge-small-zh-v1.5","BAAI","https://www.baai.com","N/A","feature-extraction","N/A","Open-Source (Permissive)","The bge-small-zh-v1.5 by BAAI is an advanced AI model. It features robust architecture and broad utility for developer applications.",63,"2026-09-16"
"speaker-diarization-community-1","speaker-diarization-community-1","pyannote","https://www.pyannote.com","N/A","automatic-speech-recognition","N/A","Open-Source (Permissive)","The speaker-diarization-community-1 by pyannote is an advanced AI model. It features robust architecture and broad utility for developer applications.",76,"2026-09-16"
"Qwen3.8-27B-MLX-4bit","Qwen3.8-27B-MLX-4bit","lmstudio-community","https://www.lmstudiocommunity.com","N/A","image-text-to-text","N/A","Open-Source (Permissive)","The Qwen3.8-27B-MLX-4bit by lmstudio-community is an advanced AI model. It features robust architecture and broad utility for developer applications.",92,"2026-09-16"
"mdeberta-v3-base","mdeberta-v3-base","microsoft","https://www.microsoft.com","https://icon.horse/icon/microsoft.com","fill-mask","N/A","Open-Source (Permissive)","The mdeberta-v3-base by microsoft is an advanced AI model. It features robust architecture and broad utility for developer applications.",65,"2026-09-16"
"Qwen3-32B","Qwen3-32B","Qwen","https://www.qwen.com","https://icon.horse/icon/qwen.com","text-generation","N/A","Open-Source (Permissive)","The Qwen3-32B by Qwen is an advanced AI model. It features robust architecture and broad utility for developer applications.",91,"2026-09-16"
"dolphin-2.9.1-yi-1.5-34b","dolphin-2.9.1-yi-1.5-34b","dphn","https://www.dphn.com","N/A","text-generation","N/A","Open-Source (Permissive)","The dolphin-2.9.1-yi-1.5-34b by dphn is an advanced AI model. It features robust architecture and broad utility for developer applications.",90,"2026-09-16"
"Qwen3.8-27B-MLX-8bit","Qwen3.8-27B-MLX-8bit","lmstudio-community","https://www.lmstudiocommunity.com","N/A","image-text-to-text","N/A","Open-Source (Permissive)","The Qwen3.8-27B-MLX-8bit by lmstudio-community is an advanced AI model. It features robust architecture and broad utility for developer applications.",91,"2026-09-16"
"ms-marco-MiniLM-L4-v2","ms-marco-MiniLM-L4-v2","cross-encoder","https://www.crossencoder.com","N/A","text-ranking","N/A","Open-Source (Permissive)","The ms-marco-MiniLM-L4-v2 by cross-encoder is an advanced AI model. It features robust architecture and broad utility for developer applications.",64,"2026-09-16"
"Qwen3.8-27B-MLX-6bit","Qwen3.8-27B-MLX-6bit","lmstudio-community","https://www.lmstudiocommunity.com","N/A","image-text-to-text","N/A","Open-Source (Permissive)","The Qwen3.8-27B-MLX-6bit by lmstudio-community is an advanced AI model. It features robust architecture and broad utility for developer applications.",78,"2026-09-16"
"Qwen3.8-27B-MLX-5bit","Qwen3.8-27B-MLX-5bit","lmstudio-community","https://www.lmstudiocommunity.com","N/A","image-text-to-text","N/A","Open-Source (Permissive)","The Qwen3.8-27B-MLX-5bit by lmstudio-community is an advanced AI model. It features robust architecture and broad utility for developer applications.",79,"2026-09-16"
"gemma-4-E4B-it","gemma-4-E4B-it","google","https://www.google.com","https://icon.horse/icon/google.com","any-to-any","N/A","Open-Source (Permissive)","The gemma-4-E4B-it by google is an advanced AI model. It features robust architecture and broad utility for developer applications.",61,"2026-09-16"
"Prompt-Guard-86M","Prompt-Guard-86M","meta-llama","https://www.metallama.com","https://icon.horse/icon/metallama.com","text-classification","N/A","Open-Weight (Restrictive Commercial)","The Prompt-Guard-86M by meta-llama is an advanced AI model. It features robust architecture and broad utility for developer applications.",90,"2026-09-16"
"ModernBERT-base","ModernBERT-base","answerdotai","https://www.answerdotai.com","N/A","fill-mask","N/A","Open-Source (Permissive)","The ModernBERT-base by answerdotai is an advanced AI model. It features robust architecture and broad utility for developer applications.",62,"2026-09-16"
"DeepSeek-V4-Flash-0731","DeepSeek-V4-Flash-0731","deepseek-ai","https://www.deepseekai.com","N/A","text-generation","N/A","Open-Source (Permissive)","The DeepSeek-V4-Flash-0731 by deepseek-ai is an advanced AI model. It features robust architecture and broad utility for developer applications.",67,"2026-09-16"
"bge-base-en-v1.5-course-recommender-v5","bge-base-en-v1.5-course-recommender-v5","datasocietyco","https://www.datasocietyco.com","N/A","sentence-similarity","N/A","Open-Source (Permissive)","The bge-base-en-v1.5-course-recommender-v5 by datasocietyco is an advanced AI model. It features robust architecture and broad utility for developer applications.",85,"2026-09-16"
"CLIP-ViT-L-14-laion2B-s32B-b82K","CLIP-ViT-L-14-laion2B-s32B-b82K","laion","https://www.laion.com","N/A","zero-shot-image-classification","N/A","Open-Source (Permissive)","The CLIP-ViT-L-14-laion2B-s32B-b82K by laion is an advanced AI model. It features robust architecture and broad utility for developer applications.",81,"2026-09-16"
"all-MiniLM-L12-v2","all-MiniLM-L12-v2","sentence-transformers","https://www.sentencetransformers.com","N/A","sentence-similarity","N/A","Open-Source (Permissive)","The all-MiniLM-L12-v2 by sentence-transformers is an advanced AI model. It features robust architecture and broad utility for developer applications.",61,"2026-09-16"
"bert-base-multilingual-uncased","bert-base-multilingual-uncased","google-bert","https://www.googlebert.com","N/A","fill-mask","N/A","Open-Source (Permissive)","The bert-base-multilingual-uncased by google-bert is an advanced AI model. It features robust architecture and broad utility for developer applications.",83,"2026-09-16"
"wav2vec2-large-xlsr-53-russian","wav2vec2-large-xlsr-53-russian","jonatasgrosman","https://www.jonatasgrosman.com","https://icon.horse/icon/jonatasgrosman.com","automatic-speech-recognition","N/A","Open-Source (Permissive)","The wav2vec2-large-xlsr-53-russian by jonatasgrosman is an advanced AI model. It features robust architecture and broad utility for developer applications.",91,"2026-09-16"
"bge-reranker-base","bge-reranker-base","BAAI","https://www.baai.com","N/A","text-classification","N/A","Open-Source (Permissive)","The bge-reranker-base by BAAI is an advanced AI model. It features robust architecture and broad utility for developer applications.",78,"2026-09-16"
"Qwen3-VL-4B-Instruct","Qwen3-VL-4B-Instruct","Qwen","https://www.qwen.com","https://icon.horse/icon/qwen.com","image-text-to-text","N/A","Open-Source (Permissive)","The Qwen3-VL-4B-Instruct by Qwen is an advanced AI model. It features robust architecture and broad utility for developer applications.",87,"2026-09-16"
"Qwen3-4B-Instruct-2507","Qwen3-4B-Instruct-2507","Qwen","https://www.qwen.com","https://icon.horse/icon/qwen.com","text-generation","N/A","Open-Source (Permissive)","The Qwen3-4B-Instruct-2507 by Qwen is an advanced AI model. It features robust architecture and broad utility for developer applications.",73,"2026-09-16"
"Qwen3.6-27B","Qwen3.6-27B","Qwen","https://www.qwen.com","https://icon.horse/icon/qwen.com","image-text-to-text","N/A","Open-Source (Permissive)","The Qwen3.6-27B by Qwen is an advanced AI model. It features robust architecture and broad utility for developer applications.",88,"2026-09-16"
"siglip2-base-patch16-256","siglip2-base-patch16-256","google","https://www.google.com","https://icon.horse/icon/google.com","zero-shot-image-classification","N/A","Open-Source (Permissive)","The siglip2-base-patch16-256 by google is an advanced AI model. It features robust architecture and broad utility for developer applications.",82,"2026-09-16"
"CLIP-ViT-B-32-laion2B-s34B-b79K","CLIP-ViT-B-32-laion2B-s34B-b79K","laion","https://www.laion.com","N/A","zero-shot-image-classification","N/A","Open-Source (Permissive)","The CLIP-ViT-B-32-laion2B-s34B-b79K by laion is an advanced AI model. It features robust architecture and broad utility for developer applications.",83,"2026-09-16"
"Qwen-72B","Qwen-72B","Qwen","https://www.qwen.com","https://icon.horse/icon/qwen.com","text-generation","N/A","Open-Source (Permissive)","The Qwen-72B by Qwen is an advanced AI model. It features robust architecture and broad utility for developer applications.",79,"2026-09-16"
"distilbert-base-uncased-finetuned-sst-2-english","distilbert-base-uncased-finetuned-sst-2-english","distilbert","https://www.distilbert.com","N/A","text-classification","N/A","Open-Source (Permissive)","The distilbert-base-uncased-finetuned-sst-2-english by distilbert is an advanced AI model. It features robust architecture and broad utility for developer applications.",86,"2026-09-16"
"Qwen3-1.7B","Qwen3-1.7B","Qwen","https://www.qwen.com","https://icon.horse/icon/qwen.com","text-generation","N/A","Open-Source (Permissive)","The Qwen3-1.7B by Qwen is an advanced AI model. It features robust architecture and broad utility for developer applications.",82,"2026-09-16"
"bert-base-cased","bert-base-cased","google-bert","https://www.googlebert.com","N/A","fill-mask","N/A","Open-Source (Permissive)","The bert-base-cased by google-bert is an advanced AI model. It features robust architecture and broad utility for developer applications.",93,"2026-09-16"
"inclusively-reformulation-it5","inclusively-reformulation-it5","E-MIMIC","https://www.emimic.com","N/A","Multimodal / Text Generation","N/A","Open-Source (Permissive)","The inclusively-reformulation-it5 by E-MIMIC is an advanced AI model. It features robust architecture and broad utility for developer applications.",84,"2026-09-16"
"Qwen3.6-35B-A3B","Qwen3.6-35B-A3B","Qwen","https://www.qwen.com","https://icon.horse/icon/qwen.com","image-text-to-text","N/A","Open-Source (Permissive)","The Qwen3.6-35B-A3B by Qwen is an advanced AI model. It features robust architecture and broad utility for developer applications.",64,"2026-09-16"
"nsfw_image_detection","nsfw_image_detection","Falconsai","https://www.falconsai.com","N/A","image-classification","N/A","Open-Source (Permissive)","The nsfw_image_detection by Falconsai is an advanced AI model. It features robust architecture and broad utility for developer applications.",70,"2026-09-16"
"dinov2-small","dinov2-small","facebook","https://www.facebook.com","https://icon.horse/icon/facebook.com","image-feature-extraction","N/A","Open-Source (Permissive)","The dinov2-small by facebook is an advanced AI model. It features robust architecture and broad utility for developer applications.",94,"2026-09-16"
"Qwen3.8-27B-NVFP4","Qwen3.8-27B-NVFP4","unsloth","https://www.unsloth.com","N/A","Multimodal / Text Generation","N/A","Open-Source (Permissive)","The Qwen3.8-27B-NVFP4 by unsloth is an advanced AI model. It features robust architecture and broad utility for developer applications.",93,"2026-09-16"
"pythia-160m","pythia-160m","EleutherAI","https://www.eleutherai.com","N/A","text-generation","N/A","Open-Source (Permissive)","The pythia-160m by EleutherAI is an advanced AI model. It features robust architecture and broad utility for developer applications.",85,"2026-09-16"
"wav2vec2-large-xlsr-53-polish","wav2vec2-large-xlsr-53-polish","jonatasgrosman","https://www.jonatasgrosman.com","https://icon.horse/icon/jonatasgrosman.com","automatic-speech-recognition","N/A","Open-Source (Permissive)","The wav2vec2-large-xlsr-53-polish by jonatasgrosman is an advanced AI model. It features robust architecture and broad utility for developer applications.",82,"2026-09-16"
"gemma-4-E2B-it","gemma-4-E2B-it","google","https://www.google.com","https://icon.horse/icon/google.com","any-to-any","N/A","Open-Source (Permissive)","The gemma-4-E2B-it by google is an advanced AI model. It features robust architecture and broad utility for developer applications.",73,"2026-09-16"
"nomic-embed-text-v1","nomic-embed-text-v1","nomic-ai","https://www.nomicai.com","N/A","sentence-similarity","N/A","Open-Source (Permissive)","The nomic-embed-text-v1 by nomic-ai is an advanced AI model. It features robust architecture and broad utility for developer applications.",71,"2026-09-16"
"dinov2-base","dinov2-base","facebook","https://www.facebook.com","https://icon.horse/icon/facebook.com","image-feature-extraction","N/A","Open-Source (Permissive)","The dinov2-base by facebook is an advanced AI model. It features robust architecture and broad utility for developer applications.",87,"2026-09-16"
"bart-large-mnli","bart-large-mnli","facebook","https://www.facebook.com","https://icon.horse/icon/facebook.com","zero-shot-classification","N/A","Open-Source (Permissive)","The bart-large-mnli by facebook is an advanced AI model. It features robust architecture and broad utility for developer applications.",67,"2026-09-16"
"vocos-mel-24khz","vocos-mel-24khz","charactr","https://www.charactr.com","https://icon.horse/icon/charactr.com","Multimodal / Text Generation","N/A","Open-Source (Permissive)","The vocos-mel-24khz by charactr is an advanced AI model. It features robust architecture and broad utility for developer applications.",73,"2026-09-16"
"Kimi-K3-DSpark","Kimi-K3-DSpark","RadixArk","https://www.radixark.com","N/A","text-generation","N/A","Open-Source (Permissive)","The Kimi-K3-DSpark by RadixArk is an advanced AI model. It features robust architecture and broad utility for developer applications.",64,"2026-09-16"
"twitter-roberta-base-sentiment-latest","twitter-roberta-base-sentiment-latest","cardiffnlp","https://www.cardiffnlp.com","N/A","text-classification","N/A","Open-Source (Permissive)","The twitter-roberta-base-sentiment-latest by cardiffnlp is an advanced AI model. It features robust architecture and broad utility for developer applications.",73,"2026-09-16"
"xlm-roberta-large","xlm-roberta-large","FacebookAI","https://www.facebookai.com","N/A","fill-mask","N/A","Open-Source (Permissive)","The xlm-roberta-large by FacebookAI is an advanced AI model. It features robust architecture and broad utility for developer applications.",77,"2026-09-16"
"gemma-3-1b-it","gemma-3-1b-it","google","https://www.google.com","https://icon.horse/icon/google.com","text-generation","N/A","Open-Source (Permissive)","The gemma-3-1b-it by google is an advanced AI model. It features robust architecture and broad utility for developer applications.",84,"2026-09-16"
"Florence-2-base","Florence-2-base","microsoft","https://www.microsoft.com","https://icon.horse/icon/microsoft.com","image-text-to-text","N/A","Open-Source (Permissive)","The Florence-2-base by microsoft is an advanced AI model. It features robust architecture and broad utility for developer applications.",72,"2026-09-16"
"deberta-v3-base","deberta-v3-base","microsoft","https://www.microsoft.com","https://icon.horse/icon/microsoft.com","fill-mask","N/A","Open-Source (Permissive)","The deberta-v3-base by microsoft is an advanced AI model. It features robust architecture and broad utility for developer applications.",62,"2026-09-16"
"gemma-4-12B-it","gemma-4-12B-it","google","https://www.google.com","https://icon.horse/icon/google.com","any-to-any","N/A","Open-Source (Permissive)","The gemma-4-12B-it by google is an advanced AI model. It features robust architecture and broad utility for developer applications.",78,"2026-09-16"
"ESMC-6B","ESMC-6B","biohub","https://www.biohub.com","N/A","fill-mask","N/A","Open-Source (Permissive)","The ESMC-6B by biohub is an advanced AI model. It features robust architecture and broad utility for developer applications.",65,"2026-09-16"
"chandra-ocr-2","chandra-ocr-2","datalab-to","https://www.datalabto.com","N/A","image-text-to-text","N/A","Open-Source (Permissive)","The chandra-ocr-2 by datalab-to is an advanced AI model. It features robust architecture and broad utility for developer applications.",69,"2026-09-16"
"all-MiniLM-L6-v2","all-MiniLM-L6-v2","Xenova","https://www.xenova.com","N/A","feature-extraction","N/A","Open-Source (Permissive)","The all-MiniLM-L6-v2 by Xenova is an advanced AI model. It features robust architecture and broad utility for developer applications.",75,"2026-09-16"
"bge-reranker-large","bge-reranker-large","BAAI","https://www.baai.com","N/A","feature-extraction","N/A","Open-Source (Permissive)","The bge-reranker-large by BAAI is an advanced AI model. It features robust architecture and broad utility for developer applications.",67,"2026-09-16"
"t5-base","t5-base","google-t5","https://www.googlet.com","N/A","translation","N/A","Open-Source (Permissive)","The t5-base by google-t5 is an advanced AI model. It features robust architecture and broad utility for developer applications.",69,"2026-09-16"
"wav2vec2-base","wav2vec2-base","facebook","https://www.facebook.com","https://icon.horse/icon/facebook.com","Multimodal / Text Generation","N/A","Open-Source (Permissive)","The wav2vec2-base by facebook is an advanced AI model. It features robust architecture and broad utility for developer applications.",63,"2026-09-16"
"Qwen2.5-VL-3B-Instruct","Qwen2.5-VL-3B-Instruct","Qwen","https://www.qwen.com","https://icon.horse/icon/qwen.com","image-text-to-text","N/A","Open-Source (Permissive)","The Qwen2.5-VL-3B-Instruct by Qwen is an advanced AI model. It features robust architecture and broad utility for developer applications.",68,"2026-09-16"
"TRELLIS-image-large","TRELLIS-image-large","microsoft","https://www.microsoft.com","https://icon.horse/icon/microsoft.com","image-to-3d","N/A","Open-Source (Permissive)","The TRELLIS-image-large by microsoft is an advanced AI model. It features robust architecture and broad utility for developer applications.",93,"2026-09-16"
"mivolo_v2","mivolo_v2","iitolstykh","https://www.iitolstykh.com","https://icon.horse/icon/iitolstykh.com","Multimodal / Text Generation","N/A","Open-Source (Permissive)","The mivolo_v2 by iitolstykh is an advanced AI model. It features robust architecture and broad utility for developer applications.",73,"2026-09-16"
"faster-whisper-small","faster-whisper-small","Systran","https://www.systran.com","N/A","automatic-speech-recognition","N/A","Open-Source (Permissive)","The faster-whisper-small by Systran is an advanced AI model. It features robust architecture and broad utility for developer applications.",86,"2026-09-16"
"Qwen2.5-Coder-7B-Instruct","Qwen2.5-Coder-7B-Instruct","Qwen","https://www.qwen.com","https://icon.horse/icon/qwen.com","text-generation","N/A","Open-Source (Permissive)","The Qwen2.5-Coder-7B-Instruct by Qwen is an advanced AI model. It features robust architecture and broad utility for developer applications.",64,"2026-09-16"
"all-distilroberta-v1","all-distilroberta-v1","sentence-transformers","https://www.sentencetransformers.com","N/A","sentence-similarity","N/A","Open-Source (Permissive)","The all-distilroberta-v1 by sentence-transformers is an advanced AI model. It features robust architecture and broad utility for developer applications.",62,"2026-09-16"
"Qwen-Image_ComfyUI","Qwen-Image_ComfyUI","Comfy-Org","https://www.comfyorg.com","N/A","Multimodal / Text Generation","N/A","Open-Source (Permissive)","The Qwen-Image_ComfyUI by Comfy-Org is an advanced AI model. It features robust architecture and broad utility for developer applications.",64,"2026-09-16"
"Qwen3-Embedding-8B","Qwen3-Embedding-8B","Qwen","https://www.qwen.com","https://icon.horse/icon/qwen.com","feature-extraction","N/A","Open-Source (Permissive)","The Qwen3-Embedding-8B by Qwen is an advanced AI model. It features robust architecture and broad utility for developer applications.",75,"2026-09-16"
"indonesian-roberta-base-posp-tagger","indonesian-roberta-base-posp-tagger","w11wo","https://www.wwo.com","N/A","token-classification","N/A","Open-Source (Permissive)","The indonesian-roberta-base-posp-tagger by w11wo is an advanced AI model. It features robust architecture and broad utility for developer applications.",85,"2026-09-16"
"Qwen3-TTS-12Hz-1.7B-CustomVoice","Qwen3-TTS-12Hz-1.7B-CustomVoice","Qwen","https://www.qwen.com","https://icon.horse/icon/qwen.com","text-to-speech","N/A","Open-Source (Permissive)","The Qwen3-TTS-12Hz-1.7B-CustomVoice by Qwen is an advanced AI model. It features robust architecture and broad utility for developer applications.",73,"2026-09-16"
"mms-300m-1130-forced-aligner","mms-300m-1130-forced-aligner","MahmoudAshraf","https://www.mahmoudashraf.com","N/A","automatic-speech-recognition","N/A","Open-Source (Permissive)","The mms-300m-1130-forced-aligner by MahmoudAshraf is an advanced AI model. It features robust architecture and broad utility for developer applications.",81,"2026-09-16"
"wav2vec2-large-xlsr-53-greek","wav2vec2-large-xlsr-53-greek","jonatasgrosman","https://www.jonatasgrosman.com","https://icon.horse/icon/jonatasgrosman.com","automatic-speech-recognition","N/A","Open-Source (Permissive)","The wav2vec2-large-xlsr-53-greek by jonatasgrosman is an advanced AI model. It features robust architecture and broad utility for developer applications.",83,"2026-09-16"
"siglip2-giant-opt-patch16-384","siglip2-giant-opt-patch16-384","google","https://www.google.com","https://icon.horse/icon/google.com","zero-shot-image-classification","N/A","Open-Source (Permissive)","The siglip2-giant-opt-patch16-384 by google is an advanced AI model. It features robust architecture and broad utility for developer applications.",60,"2026-09-16"
"gte-reranker-modernbert-base","gte-reranker-modernbert-base","Alibaba-NLP","https://www.alibabanlp.com","N/A","text-ranking","N/A","Open-Source (Permissive)","The gte-reranker-modernbert-base by Alibaba-NLP is an advanced AI model. It features robust architecture and broad utility for developer applications.",88,"2026-09-16"
"Qwen3-Reranker-4B","Qwen3-Reranker-4B","Qwen","https://www.qwen.com","https://icon.horse/icon/qwen.com","text-ranking","N/A","Open-Source (Permissive)","The Qwen3-Reranker-4B by Qwen is an advanced AI model. It features robust architecture and broad utility for developer applications.",61,"2026-09-16"
"wav2vec2-large-robust-24-ft-age-gender","wav2vec2-large-robust-24-ft-age-gender","audeering","https://www.audeering.com","N/A","audio-classification","N/A","Open-Source (Permissive)","The wav2vec2-large-robust-24-ft-age-gender by audeering is an advanced AI model. It features robust architecture and broad utility for developer applications.",76,"2026-09-16"
"Qwen2.5-14B-Instruct","Qwen2.5-14B-Instruct","Qwen","https://www.qwen.com","https://icon.horse/icon/qwen.com","text-generation","N/A","Open-Source (Permissive)","The Qwen2.5-14B-Instruct by Qwen is an advanced AI model. It features robust architecture and broad utility for developer applications.",70,"2026-09-16"
"Kronos-Tokenizer-base","Kronos-Tokenizer-base","NeoQuasar","https://www.neoquasar.com","N/A","time-series-forecasting","N/A","Open-Source (Permissive)","The Kronos-Tokenizer-base by NeoQuasar is an advanced AI model. It features robust architecture and broad utility for developer applications.",86,"2026-09-16"
"colbertv2.0","colbertv2.0","colbert-ir","https://www.colbertir.com","N/A","Multimodal / Text Generation","N/A","Open-Source (Permissive)","The colbertv2.0 by colbert-ir is an advanced AI model. It features robust architecture and broad utility for developer applications.",65,"2026-09-16"
"bge-base-en-v1.5","bge-base-en-v1.5","Xenova","https://www.xenova.com","N/A","feature-extraction","N/A","Open-Source (Permissive)","The bge-base-en-v1.5 by Xenova is an advanced AI model. It features robust architecture and broad utility for developer applications.",79,"2026-09-16"
"clip-vit-large-patch14-336","clip-vit-large-patch14-336","openai","https://www.openai.com","https://icon.horse/icon/openai.com","zero-shot-image-classification","N/A","Open-Source (Permissive)","The clip-vit-large-patch14-336 by openai is an advanced AI model. It features robust architecture and broad utility for developer applications.",62,"2026-09-16"
"Mistral-7B-Instruct-v0.3","Mistral-7B-Instruct-v0.3","mistralai","https://www.mistral.ai","https://icon.horse/icon/mistral.ai","Multimodal / Text Generation","N/A","Open-Source (Permissive)","The Mistral-7B-Instruct-v0.3 by mistralai is an advanced AI model. It features robust architecture and broad utility for developer applications.",61,"2026-09-16"
"Qwen3.5-0.8B","Qwen3.5-0.8B","Qwen","https://www.qwen.com","https://icon.horse/icon/qwen.com","image-text-to-text","N/A","Open-Source (Permissive)","The Qwen3.5-0.8B by Qwen is an advanced AI model. It features robust architecture and broad utility for developer applications.",89,"2026-09-16"
"faster-whisper-tiny","faster-whisper-tiny","Systran","https://www.systran.com","N/A","automatic-speech-recognition","N/A","Open-Source (Permissive)","The faster-whisper-tiny by Systran is an advanced AI model. It features robust architecture and broad utility for developer applications.",90,"2026-09-16"
"bge-base-en","bge-base-en","BAAI","https://www.baai.com","N/A","feature-extraction","N/A","Open-Source (Permissive)","The bge-base-en by BAAI is an advanced AI model. It features robust architecture and broad utility for developer applications.",66,"2026-09-16"
"Qwen3.8-27B-NVFP4","Qwen3.8-27B-NVFP4","RadixArk","https://www.radixark.com","N/A","image-text-to-text","N/A","Open-Source (Permissive)","The Qwen3.8-27B-NVFP4 by RadixArk is an advanced AI model. It features robust architecture and broad utility for developer applications.",74,"2026-09-16"
"Unlimited-OCR","Unlimited-OCR","baidu","https://www.baidu.com","https://icon.horse/icon/baidu.com","image-text-to-text","N/A","Open-Source (Permissive)","The Unlimited-OCR by baidu is an advanced AI model. It features robust architecture and broad utility for developer applications.",65,"2026-09-16"
"spkrec-ecapa-voxceleb","spkrec-ecapa-voxceleb","speechbrain","https://www.speechbrain.com","N/A","Multimodal / Text Generation","N/A","Open-Source (Permissive)","The spkrec-ecapa-voxceleb by speechbrain is an advanced AI model. It features robust architecture and broad utility for developer applications.",61,"2026-09-16"
"embeddinggemma-300m","embeddinggemma-300m","google","https://www.google.com","https://icon.horse/icon/google.com","sentence-similarity","N/A","Open-Source (Permissive)","The embeddinggemma-300m by google is an advanced AI model. It features robust architecture and broad utility for developer applications.",94,"2026-09-16"
"mmarco-mMiniLMv2-L12-H384-v1","mmarco-mMiniLMv2-L12-H384-v1","cross-encoder","https://www.crossencoder.com","N/A","text-ranking","N/A","Open-Source (Permissive)","The mmarco-mMiniLMv2-L12-H384-v1 by cross-encoder is an advanced AI model. It features robust architecture and broad utility for developer applications.",64,"2026-09-16"
"Qwen3-Embedding-4B","Qwen3-Embedding-4B","Qwen","https://www.qwen.com","https://icon.horse/icon/qwen.com","feature-extraction","N/A","Open-Source (Permissive)","The Qwen3-Embedding-4B by Qwen is an advanced AI model. It features robust architecture and broad utility for developer applications.",94,"2026-09-16"
"esmfold_v1","esmfold_v1","facebook","https://www.facebook.com","https://icon.horse/icon/facebook.com","Multimodal / Text Generation","N/A","Open-Source (Permissive)","The esmfold_v1 by facebook is an advanced AI model. It features robust architecture and broad utility for developer applications.",61,"2026-09-16"
"Bio_ClinicalBERT","Bio_ClinicalBERT","emilyalsentzer","https://www.emilyalsentzer.com","N/A","fill-mask","N/A","Open-Source (Permissive)","The Bio_ClinicalBERT by emilyalsentzer is an advanced AI model. It features robust architecture and broad utility for developer applications.",65,"2026-09-16"
"Qwen2.5-32B-Instruct","Qwen2.5-32B-Instruct","Qwen","https://www.qwen.com","https://icon.horse/icon/qwen.com","text-generation","N/A","Open-Source (Permissive)","The Qwen2.5-32B-Instruct by Qwen is an advanced AI model. It features robust architecture and broad utility for developer applications.",92,"2026-09-16"
"Kimi-K3","Kimi-K3","moonshotai","https://www.moonshotai.com","https://icon.horse/icon/moonshotai.com","image-text-to-text","N/A","Open-Source (Permissive)","The Kimi-K3 by moonshotai is an advanced AI model. It features robust architecture and broad utility for developer applications.",80,"2026-09-16"
"w2v-bert-2.0","w2v-bert-2.0","facebook","https://www.facebook.com","https://icon.horse/icon/facebook.com","feature-extraction","N/A","Open-Source (Permissive)","The w2v-bert-2.0 by facebook is an advanced AI model. It features robust architecture and broad utility for developer applications.",69,"2026-09-16"
"SmolLM2-135M","SmolLM2-135M","HuggingFaceTB","https://www.huggingfacetb.com","N/A","text-generation","N/A","Open-Source (Permissive)","The SmolLM2-135M by HuggingFaceTB is an advanced AI model. It features robust architecture and broad utility for developer applications.",89,"2026-09-16"
"Ornith-1.0-35B","Ornith-1.0-35B","ornith-ai","https://www.ornithai.com","N/A","text-generation","N/A","Open-Source (Permissive)","The Ornith-1.0-35B by ornith-ai is an advanced AI model. It features robust architecture and broad utility for developer applications.",91,"2026-09-16"
"fashion-clip","fashion-clip","patrickjohncyh","https://www.patrickjohncyh.com","N/A","zero-shot-image-classification","N/A","Open-Source (Permissive)","The fashion-clip by patrickjohncyh is an advanced AI model. It features robust architecture and broad utility for developer applications.",75,"2026-09-16"
"DeepSeek-V3.2","DeepSeek-V3.2","deepseek-ai","https://www.deepseekai.com","N/A","text-generation","N/A","Open-Source (Permissive)","The DeepSeek-V3.2 by deepseek-ai is an advanced AI model. It features robust architecture and broad utility for developer applications.",94,"2026-09-16"
"chronos-bolt-base","chronos-bolt-base","autogluon","https://www.autogluon.com","N/A","time-series-forecasting","N/A","Open-Source (Permissive)","The chronos-bolt-base by autogluon is an advanced AI model. It features robust architecture and broad utility for developer applications.",86,"2026-09-16"
"tiny-Qwen2ForSequenceClassification-2.5","tiny-Qwen2ForSequenceClassification-2.5","trl-internal-testing","https://www.trlinternaltesting.com","https://icon.horse/icon/trlinternaltesting.com","text-classification","N/A","Open-Source (Permissive)","The tiny-Qwen2ForSequenceClassification-2.5 by trl-internal-testing is an advanced AI model. It features robust architecture and broad utility for developer applications.",64,"2026-09-16"
"wav2vec2-large-xlsr-53-hungarian","wav2vec2-large-xlsr-53-hungarian","jonatasgrosman","https://www.jonatasgrosman.com","https://icon.horse/icon/jonatasgrosman.com","automatic-speech-recognition","N/A","Open-Source (Permissive)","The wav2vec2-large-xlsr-53-hungarian by jonatasgrosman is an advanced AI model. It features robust architecture and broad utility for developer applications.",78,"2026-09-16"
"Voxtral-Mini-4B-Realtime-2602","Voxtral-Mini-4B-Realtime-2602","mistralai","https://www.mistral.ai","https://icon.horse/icon/mistral.ai","automatic-speech-recognition","N/A","Open-Source (Permissive)","The Voxtral-Mini-4B-Realtime-2602 by mistralai is an advanced AI model. It features robust architecture and broad utility for developer applications.",74,"2026-09-16"
"distilgpt2","distilgpt2","distilbert","https://www.distilbert.com","N/A","text-generation","N/A","Open-Source (Permissive)","The distilgpt2 by distilbert is an advanced AI model. It features robust architecture and broad utility for developer applications.",72,"2026-09-16"
"Qwen2-VL-2B-Instruct","Qwen2-VL-2B-Instruct","Qwen","https://www.qwen.com","https://icon.horse/icon/qwen.com","image-text-to-text","N/A","Open-Source (Permissive)","The Qwen2-VL-2B-Instruct by Qwen is an advanced AI model. It features robust architecture and broad utility for developer applications.",90,"2026-09-16"
"docling-models","docling-models","docling-project","https://www.doclingproject.com","N/A","Multimodal / Text Generation","N/A","Open-Source (Permissive)","The docling-models by docling-project is an advanced AI model. It features robust architecture and broad utility for developer applications.",86,"2026-09-16"
"Qwen3.5-35B-A3B","Qwen3.5-35B-A3B","Qwen","https://www.qwen.com","https://icon.horse/icon/qwen.com","image-text-to-text","N/A","Open-Source (Permissive)","The Qwen3.5-35B-A3B by Qwen is an advanced AI model. It features robust architecture and broad utility for developer applications.",73,"2026-09-16"
"wav2vec2-large-xlsr-53-arabic","wav2vec2-large-xlsr-53-arabic","jonatasgrosman","https://www.jonatasgrosman.com","https://icon.horse/icon/jonatasgrosman.com","automatic-speech-recognition","N/A","Open-Source (Permissive)","The wav2vec2-large-xlsr-53-arabic by jonatasgrosman is an advanced AI model. It features robust architecture and broad utility for developer applications.",60,"2026-09-16"
"jina-embeddings-v3","jina-embeddings-v3","jinaai","https://www.jinaai.com","https://icon.horse/icon/jinaai.com","feature-extraction","N/A","Open-Source (Permissive)","The jina-embeddings-v3 by jinaai is an advanced AI model. It features robust architecture and broad utility for developer applications.",63,"2026-09-16"
"musicgen-medium","musicgen-medium","facebook","https://www.facebook.com","https://icon.horse/icon/facebook.com","text-to-audio","N/A","Open-Source (Permissive)","The musicgen-medium by facebook is an advanced AI model. It features robust architecture and broad utility for developer applications.",74,"2026-09-16"
"sam3","sam3","facebook","https://www.facebook.com","https://icon.horse/icon/facebook.com","mask-generation","N/A","Open-Source (Permissive)","The sam3 by facebook is an advanced AI model. It features robust architecture and broad utility for developer applications.",88,"2026-09-16"
"siglip-base-patch16-224","siglip-base-patch16-224","google","https://www.google.com","https://icon.horse/icon/google.com","zero-shot-image-classification","N/A","Open-Source (Permissive)","The siglip-base-patch16-224 by google is an advanced AI model. It features robust architecture and broad utility for developer applications.",79,"2026-09-16"
"Depth-Anything-V2-Small-hf","Depth-Anything-V2-Small-hf","depth-anything","https://www.depthanything.com","N/A","depth-estimation","N/A","Open-Source (Permissive)","The Depth-Anything-V2-Small-hf by depth-anything is an advanced AI model. It features robust architecture and broad utility for developer applications.",82,"2026-09-16"
"resnet18.a1_in1k","resnet18.a1_in1k","timm","https://www.timm.com","N/A","image-classification","N/A","Open-Source (Permissive)","The resnet18.a1_in1k by timm is an advanced AI model. It features robust architecture and broad utility for developer applications.",85,"2026-09-16"
"Qwen3.5-27B","Qwen3.5-27B","Qwen","https://www.qwen.com","https://icon.horse/icon/qwen.com","image-text-to-text","N/A","Open-Source (Permissive)","The Qwen3.5-27B by Qwen is an advanced AI model. It features robust architecture and broad utility for developer applications.",75,"2026-09-16"
"resnet50.a1_in1k","resnet50.a1_in1k","timm","https://www.timm.com","N/A","image-classification","N/A","Open-Source (Permissive)","The resnet50.a1_in1k by timm is an advanced AI model. It features robust architecture and broad utility for developer applications.",72,"2026-09-16"
"bert-base-multilingual-cased","bert-base-multilingual-cased","google-bert","https://www.googlebert.com","N/A","fill-mask","N/A","Open-Source (Permissive)","The bert-base-multilingual-cased by google-bert is an advanced AI model. It features robust architecture and broad utility for developer applications.",83,"2026-09-16"
"Gemma-4-26B-A4B-NVFP4","Gemma-4-26B-A4B-NVFP4","nvidia","https://www.nvidia.com","https://icon.horse/icon/nvidia.com","text-generation","N/A","Open-Source (Permissive)","The Gemma-4-26B-A4B-NVFP4 by nvidia is an advanced AI model. It features robust architecture and broad utility for developer applications.",67,"2026-09-16"
"timesfm-2.5-200m-pytorch","timesfm-2.5-200m-pytorch","google","https://www.google.com","https://icon.horse/icon/google.com","time-series-forecasting","N/A","Open-Source (Permissive)","The timesfm-2.5-200m-pytorch by google is an advanced AI model. It features robust architecture and broad utility for developer applications.",66,"2026-09-16"
"Qwen3-30B-A3B","Qwen3-30B-A3B","Qwen","https://www.qwen.com","https://icon.horse/icon/qwen.com","text-generation","N/A","Open-Source (Permissive)","The Qwen3-30B-A3B by Qwen is an advanced AI model. It features robust architecture and broad utility for developer applications.",65,"2026-09-16"
"chatterbox","chatterbox","ResembleAI","https://www.resembleai.com","N/A","text-to-speech","N/A","Open-Source (Permissive)","The chatterbox by ResembleAI is an advanced AI model. It features robust architecture and broad utility for developer applications.",76,"2026-09-16"
"GLM-4.7-Flash","GLM-4.7-Flash","zai-org","https://www.zaiorg.com","N/A","text-generation","N/A","Open-Source (Permissive)","The GLM-4.7-Flash by zai-org is an advanced AI model. It features robust architecture and broad utility for developer applications.",85,"2026-09-16"
"Qwen2.5-Coder-14B-Instruct","Qwen2.5-Coder-14B-Instruct","Qwen","https://www.qwen.com","https://icon.horse/icon/qwen.com","text-generation","N/A","Open-Source (Permissive)","The Qwen2.5-Coder-14B-Instruct by Qwen is an advanced AI model. It features robust architecture and broad utility for developer applications.",67,"2026-09-16"
"TRELLIS.2-4B","TRELLIS.2-4B","microsoft","https://www.microsoft.com","https://icon.horse/icon/microsoft.com","image-to-3d","N/A","Open-Source (Permissive)","The TRELLIS.2-4B by microsoft is an advanced AI model. It features robust architecture and broad utility for developer applications.",76,"2026-09-16"
"Llama-3.2-3B-Instruct","Llama-3.2-3B-Instruct","meta-llama","https://www.metallama.com","https://icon.horse/icon/metallama.com","text-generation","N/A","Open-Weight (Restrictive Commercial)","The Llama-3.2-3B-Instruct by meta-llama is an advanced AI model. It features robust architecture and broad utility for developer applications.",84,"2026-09-16"
"koelectra-small-v3-nsmc","koelectra-small-v3-nsmc","daekeun-ml","https://www.daekeunml.com","N/A","text-classification","N/A","Open-Source (Permissive)","The koelectra-small-v3-nsmc by daekeun-ml is an advanced AI model. It features robust architecture and broad utility for developer applications.",81,"2026-09-16"
"parakeet-tdt-0.6b-v3","parakeet-tdt-0.6b-v3","mlx-community","https://www.mlxcommunity.com","https://icon.horse/icon/mlxcommunity.com","automatic-speech-recognition","N/A","Open-Source (Permissive)","The parakeet-tdt-0.6b-v3 by mlx-community is an advanced AI model. It features robust architecture and broad utility for developer applications.",88,"2026-09-16"
"llava-1.5-7b-hf","llava-1.5-7b-hf","llava-hf","https://www.llavahf.com","N/A","image-text-to-text","N/A","Open-Source (Permissive)","The llava-1.5-7b-hf by llava-hf is an advanced AI model. It features robust architecture and broad utility for developer applications.",94,"2026-09-16"
"GLM-OCR","GLM-OCR","zai-org","https://www.zaiorg.com","N/A","image-to-text","N/A","Open-Source (Permissive)","The GLM-OCR by zai-org is an advanced AI model. It features robust architecture and broad utility for developer applications.",78,"2026-09-16"
"ms-marco-MiniLM-L12-v2","ms-marco-MiniLM-L12-v2","cross-encoder","https://www.crossencoder.com","N/A","text-ranking","N/A","Open-Source (Permissive)","The ms-marco-MiniLM-L12-v2 by cross-encoder is an advanced AI model. It features robust architecture and broad utility for developer applications.",87,"2026-09-16"
"moondream2","moondream2","vikhyatk","https://www.vikhyatk.com","N/A","image-text-to-text","N/A","Open-Source (Permissive)","The moondream2 by vikhyatk is an advanced AI model. It features robust architecture and broad utility for developer applications.",64,"2026-09-16"
"Qwen3.6-27B-NVFP4","Qwen3.6-27B-NVFP4","unsloth","https://www.unsloth.com","N/A","image-text-to-text","N/A","Open-Source (Permissive)","The Qwen3.6-27B-NVFP4 by unsloth is an advanced AI model. It features robust architecture and broad utility for developer applications.",68,"2026-09-16"
"gemma-3-4b-it","gemma-3-4b-it","google","https://www.google.com","https://icon.horse/icon/google.com","image-text-to-text","N/A","Open-Source (Permissive)","The gemma-3-4b-it by google is an advanced AI model. It features robust architecture and broad utility for developer applications.",78,"2026-09-16"
"tf_efficientnetv2_s.in21k_ft_in1k","tf_efficientnetv2_s.in21k_ft_in1k","timm","https://www.timm.com","N/A","image-classification","N/A","Open-Source (Permissive)","The tf_efficientnetv2_s.in21k_ft_in1k by timm is an advanced AI model. It features robust architecture and broad utility for developer applications.",70,"2026-09-16"
"paraphrase-mpnet-base-v2","paraphrase-mpnet-base-v2","sentence-transformers","https://www.sentencetransformers.com","N/A","sentence-similarity","N/A","Open-Source (Permissive)","The paraphrase-mpnet-base-v2 by sentence-transformers is an advanced AI model. It features robust architecture and broad utility for developer applications.",69,"2026-09-16"
"blip-image-captioning-base","blip-image-captioning-base","Salesforce","https://www.salesforce.com","https://icon.horse/icon/salesforce.com","image-to-text","N/A","Open-Source (Permissive)","The blip-image-captioning-base by Salesforce is an advanced AI model. It features robust architecture and broad utility for developer applications.",93,"2026-09-16"
"vit-base-patch16-224-in21k","vit-base-patch16-224-in21k","google","https://www.google.com","https://icon.horse/icon/google.com","image-feature-extraction","N/A","Open-Source (Permissive)","The vit-base-patch16-224-in21k by google is an advanced AI model. It features robust architecture and broad utility for developer applications.",78,"2026-09-16"
"Mistral-7B-Instruct-v0.2","Mistral-7B-Instruct-v0.2","mistralai","https://www.mistral.ai","https://icon.horse/icon/mistral.ai","text-generation","N/A","Open-Source (Permissive)","The Mistral-7B-Instruct-v0.2 by mistralai is an advanced AI model. It features robust architecture and broad utility for developer applications.",93,"2026-09-16"
"romanian-wav2vec2","romanian-wav2vec2","gigant","https://www.gigant.com","N/A","automatic-speech-recognition","N/A","Open-Source (Permissive)","The romanian-wav2vec2 by gigant is an advanced AI model. It features robust architecture and broad utility for developer applications.",64,"2026-09-16"
"DeepSeek-V4-Flash","DeepSeek-V4-Flash","deepseek-ai","https://www.deepseekai.com","N/A","text-generation","N/A","Open-Source (Permissive)","The DeepSeek-V4-Flash by deepseek-ai is an advanced AI model. It features robust architecture and broad utility for developer applications.",76,"2026-09-16"
"wav2vec2-large-voxrex-swedish","wav2vec2-large-voxrex-swedish","KBLab","https://www.kblab.com","N/A","automatic-speech-recognition","N/A","Open-Source (Permissive)","The wav2vec2-large-voxrex-swedish by KBLab is an advanced AI model. It features robust architecture and broad utility for developer applications.",70,"2026-09-16"
"faster-whisper-base","faster-whisper-base","Systran","https://www.systran.com","N/A","automatic-speech-recognition","N/A","Open-Source (Permissive)","The faster-whisper-base by Systran is an advanced AI model. It features robust architecture and broad utility for developer applications.",77,"2026-09-16"
"OTel-LLM-E4B-IT","OTel-LLM-E4B-IT","farbodtavakkoli","https://www.farbodtavakkoli.com","https://icon.horse/icon/farbodtavakkoli.com","text-generation","N/A","Open-Source (Permissive)","The OTel-LLM-E4B-IT by farbodtavakkoli is an advanced AI model. It features robust architecture and broad utility for developer applications.",84,"2026-09-16"
"owlv2-base-patch16-ensemble","owlv2-base-patch16-ensemble","google","https://www.google.com","https://icon.horse/icon/google.com","zero-shot-object-detection","N/A","Open-Source (Permissive)","The owlv2-base-patch16-ensemble by google is an advanced AI model. It features robust architecture and broad utility for developer applications.",74,"2026-09-16"
"docling-layout-heron","docling-layout-heron","docling-project","https://www.doclingproject.com","N/A","Multimodal / Text Generation","N/A","Open-Source (Permissive)","The docling-layout-heron by docling-project is an advanced AI model. It features robust architecture and broad utility for developer applications.",72,"2026-09-16"
"Qwen3.5-35B-A3B-FP8","Qwen3.5-35B-A3B-FP8","Qwen","https://www.qwen.com","https://icon.horse/icon/qwen.com","image-text-to-text","N/A","Open-Source (Permissive)","The Qwen3.5-35B-A3B-FP8 by Qwen is an advanced AI model. It features robust architecture and broad utility for developer applications.",82,"2026-09-16"
"Qwen2.5-0.5B","Qwen2.5-0.5B","Qwen","https://www.qwen.com","https://icon.horse/icon/qwen.com","text-generation","N/A","Open-Source (Permissive)","The Qwen2.5-0.5B by Qwen is an advanced AI model. It features robust architecture and broad utility for developer applications.",86,"2026-09-16"
"Gemma-4-31B-IT-NVFP4","Gemma-4-31B-IT-NVFP4","nvidia","https://www.nvidia.com","https://icon.horse/icon/nvidia.com","text-generation","N/A","Open-Source (Permissive)","The Gemma-4-31B-IT-NVFP4 by nvidia is an advanced AI model. It features robust architecture and broad utility for developer applications.",82,"2026-09-16"
"voice-activity-detection","voice-activity-detection","pyannote","https://www.pyannote.com","N/A","automatic-speech-recognition","N/A","Open-Source (Permissive)","The voice-activity-detection by pyannote is an advanced AI model. It features robust architecture and broad utility for developer applications.",69,"2026-09-16"
"multi-qa-mpnet-base-dot-v1","multi-qa-mpnet-base-dot-v1","sentence-transformers","https://www.sentencetransformers.com","N/A","sentence-similarity","N/A","Open-Source (Permissive)","The multi-qa-mpnet-base-dot-v1 by sentence-transformers is an advanced AI model. It features robust architecture and broad utility for developer applications.",76,"2026-09-16"
"whisper-base","whisper-base","openai","https://www.openai.com","https://icon.horse/icon/openai.com","automatic-speech-recognition","N/A","Open-Source (Permissive)","The whisper-base by openai is an advanced AI model. It features robust architecture and broad utility for developer applications.",81,"2026-09-16"
"LTX-2.5","LTX-2.5","Lightricks","https://www.lightricks.com","N/A","image-to-video","N/A","Open-Source (Permissive)","The LTX-2.5 by Lightricks is an advanced AI model. It features robust architecture and broad utility for developer applications.",78,"2026-09-16"
"Qwen3-4B-Base","Qwen3-4B-Base","Qwen","https://www.qwen.com","https://icon.horse/icon/qwen.com","text-generation","N/A","Open-Source (Permissive)","The Qwen3-4B-Base by Qwen is an advanced AI model. It features robust architecture and broad utility for developer applications.",94,"2026-09-16"
"tiny-Qwen3ForCausalLM","tiny-Qwen3ForCausalLM","trl-internal-testing","https://www.trlinternaltesting.com","https://icon.horse/icon/trlinternaltesting.com","text-generation","N/A","Open-Source (Permissive)","The tiny-Qwen3ForCausalLM by trl-internal-testing is an advanced AI model. It features robust architecture and broad utility for developer applications.",63,"2026-09-16"
"Qwen3-1.7B-Base","Qwen3-1.7B-Base","Qwen","https://www.qwen.com","https://icon.horse/icon/qwen.com","text-generation","N/A","Open-Source (Permissive)","The Qwen3-1.7B-Base by Qwen is an advanced AI model. It features robust architecture and broad utility for developer applications.",72,"2026-09-16"
"Qwen3-14B","Qwen3-14B","Qwen","https://www.qwen.com","https://icon.horse/icon/qwen.com","text-generation","N/A","Open-Source (Permissive)","The Qwen3-14B by Qwen is an advanced AI model. It features robust architecture and broad utility for developer applications.",82,"2026-09-16"
"paraphrase-MiniLM-L6-v2","paraphrase-MiniLM-L6-v2","sentence-transformers","https://www.sentencetransformers.com","N/A","sentence-similarity","N/A","Open-Source (Permissive)","The paraphrase-MiniLM-L6-v2 by sentence-transformers is an advanced AI model. It features robust architecture and broad utility for developer applications.",69,"2026-09-16"
"siglip2-base-patch16-224","siglip2-base-patch16-224","google","https://www.google.com","https://icon.horse/icon/google.com","zero-shot-image-classification","N/A","Open-Source (Permissive)","The siglip2-base-patch16-224 by google is an advanced AI model. It features robust architecture and broad utility for developer applications.",87,"2026-09-16"
"wav2vec2-large-xlsr-53-persian","wav2vec2-large-xlsr-53-persian","jonatasgrosman","https://www.jonatasgrosman.com","https://icon.horse/icon/jonatasgrosman.com","automatic-speech-recognition","N/A","Open-Source (Permissive)","The wav2vec2-large-xlsr-53-persian by jonatasgrosman is an advanced AI model. It features robust architecture and broad utility for developer applications.",60,"2026-09-16"
"Qwen3-Coder-Next-FP8","Qwen3-Coder-Next-FP8","Qwen","https://www.qwen.com","https://icon.horse/icon/qwen.com","text-generation","N/A","Open-Source (Permissive)","The Qwen3-Coder-Next-FP8 by Qwen is an advanced AI model. It features robust architecture and broad utility for developer applications.",68,"2026-09-16"
"Cosmos3-Edge","Cosmos3-Edge","nvidia","https://www.nvidia.com","https://icon.horse/icon/nvidia.com","Multimodal / Text Generation","N/A","Open-Source (Permissive)","The Cosmos3-Edge by nvidia is an advanced AI model. It features robust architecture and broad utility for developer applications.",88,"2026-09-16"
"stable-diffusion-v1-5","stable-diffusion-v1-5","stable-diffusion-v1-5","https://www.stablediffusionv.com","N/A","text-to-image","N/A","Open-Source (Permissive)","The stable-diffusion-v1-5 by stable-diffusion-v1-5 is an advanced AI model. It features robust architecture and broad utility for developer applications.",88,"2026-09-16"
"bigvgan_v2_22khz_80band_256x","bigvgan_v2_22khz_80band_256x","nvidia","https://www.nvidia.com","https://icon.horse/icon/nvidia.com","audio-to-audio","N/A","Open-Source (Permissive)","The bigvgan_v2_22khz_80band_256x by nvidia is an advanced AI model. It features robust architecture and broad utility for developer applications.",86,"2026-09-16"
"bert-large-portuguese-cased","bert-large-portuguese-cased","neuralmind","https://www.neuralmind.com","N/A","fill-mask","N/A","Open-Source (Permissive)","The bert-large-portuguese-cased by neuralmind is an advanced AI model. It features robust architecture and broad utility for developer applications.",67,"2026-09-16"
"stanford-deidentifier-base","stanford-deidentifier-base","StanfordAIMI","https://www.stanfordaimi.com","N/A","token-classification","N/A","Open-Source (Permissive)","The stanford-deidentifier-base by StanfordAIMI is an advanced AI model. It features robust architecture and broad utility for developer applications.",80,"2026-09-16"
"grounding-dino-base","grounding-dino-base","IDEA-Research","https://www.idearesearch.com","N/A","zero-shot-object-detection","N/A","Open-Source (Permissive)","The grounding-dino-base by IDEA-Research is an advanced AI model. It features robust architecture and broad utility for developer applications.",77,"2026-09-16"
"Minimax-h3-Turbo","Minimax-h3-Turbo","lightx2v","https://www.lightxv.com","N/A","image-to-video","N/A","Open-Source (Permissive)","The Minimax-h3-Turbo by lightx2v is an advanced AI model. It features robust architecture and broad utility for developer applications.",69,"2026-09-16"
"bert-base-NER","bert-base-NER","dslim","https://www.dslim.com","N/A","token-classification","N/A","Open-Source (Permissive)","The bert-base-NER by dslim is an advanced AI model. It features robust architecture and broad utility for developer applications.",84,"2026-09-16"
"Qwen2.5-Coder-32B-Instruct","Qwen2.5-Coder-32B-Instruct","Qwen","https://www.qwen.com","https://icon.horse/icon/qwen.com","text-generation","N/A","Open-Source (Permissive)","The Qwen2.5-Coder-32B-Instruct by Qwen is an advanced AI model. It features robust architecture and broad utility for developer applications.",75,"2026-09-16"
"WanVideo_comfy","WanVideo_comfy","Kijai","https://www.kijai.com","N/A","Multimodal / Text Generation","N/A","Open-Source (Permissive)","The WanVideo_comfy by Kijai is an advanced AI model. It features robust architecture and broad utility for developer applications.",94,"2026-09-16"
"TinyLlama-1.1B-Chat-v1.0","TinyLlama-1.1B-Chat-v1.0","TinyLlama","https://www.tinyllama.com","N/A","text-generation","N/A","Open-Weight (Restrictive Commercial)","The TinyLlama-1.1B-Chat-v1.0 by TinyLlama is an advanced AI model. It features robust architecture and broad utility for developer applications.",84,"2026-09-16"
"SmolLM2-135M-Instruct","SmolLM2-135M-Instruct","HuggingFaceTB","https://www.huggingfacetb.com","N/A","text-generation","N/A","Open-Source (Permissive)","The SmolLM2-135M-Instruct by HuggingFaceTB is an advanced AI model. It features robust architecture and broad utility for developer applications.",67,"2026-09-16"
"distilroberta-base","distilroberta-base","distilbert","https://www.distilbert.com","N/A","fill-mask","N/A","Open-Source (Permissive)","The distilroberta-base by distilbert is an advanced AI model. It features robust architecture and broad utility for developer applications.",72,"2026-09-16"
"wav2vec2-large-xls-r-300m-Urdu","wav2vec2-large-xls-r-300m-Urdu","kingabzpro","https://www.kingabzpro.com","N/A","automatic-speech-recognition","N/A","Open-Source (Permissive)","The wav2vec2-large-xls-r-300m-Urdu by kingabzpro is an advanced AI model. It features robust architecture and broad utility for developer applications.",78,"2026-09-16"
"MiniMax-M2.7","MiniMax-M2.7","MiniMaxAI","https://www.minimaxai.com","N/A","text-generation","N/A","Open-Source (Permissive)","The MiniMax-M2.7 by MiniMaxAI is an advanced AI model. It features robust architecture and broad utility for developer applications.",66,"2026-09-16"
"mobilebert-uncased","mobilebert-uncased","google","https://www.google.com","https://icon.horse/icon/google.com","Multimodal / Text Generation","N/A","Open-Source (Permissive)","The mobilebert-uncased by google is an advanced AI model. It features robust architecture and broad utility for developer applications.",67,"2026-09-16"
"flan-t5-base","flan-t5-base","google","https://www.google.com","https://icon.horse/icon/google.com","Multimodal / Text Generation","N/A","Open-Source (Permissive)","The flan-t5-base by google is an advanced AI model. It features robust architecture and broad utility for developer applications.",88,"2026-09-16"
"wav2vec2-base-960h","wav2vec2-base-960h","facebook","https://www.facebook.com","https://icon.horse/icon/facebook.com","automatic-speech-recognition","N/A","Open-Source (Permissive)","The wav2vec2-base-960h by facebook is an advanced AI model. It features robust architecture and broad utility for developer applications.",90,"2026-09-16"
"SapBERT-from-PubMedBERT-fulltext","SapBERT-from-PubMedBERT-fulltext","cambridgeltl","https://www.cambridgeltl.com","N/A","feature-extraction","N/A","Open-Source (Permissive)","The SapBERT-from-PubMedBERT-fulltext by cambridgeltl is an advanced AI model. It features robust architecture and broad utility for developer applications.",74,"2026-09-16"
"faster-whisper-large-v3-turbo","faster-whisper-large-v3-turbo","dropbox-dash","https://www.dropboxdash.com","N/A","Multimodal / Text Generation","N/A","Open-Source (Permissive)","The faster-whisper-large-v3-turbo by dropbox-dash is an advanced AI model. It features robust architecture and broad utility for developer applications.",70,"2026-09-16"
"wav2vec2-large-xlsr-53-th","wav2vec2-large-xlsr-53-th","airesearch","https://www.airesearch.com","N/A","automatic-speech-recognition","N/A","Open-Source (Permissive)","The wav2vec2-large-xlsr-53-th by airesearch is an advanced AI model. It features robust architecture and broad utility for developer applications.",90,"2026-09-16"
"gender-classification","gender-classification","rizvandwiki","https://www.rizvandwiki.com","N/A","image-classification","N/A","Open-Source (Permissive)","The gender-classification by rizvandwiki is an advanced AI model. It features robust architecture and broad utility for developer applications.",72,"2026-09-16"
"Qwen3.6-35B-A3B-NVFP4","Qwen3.6-35B-A3B-NVFP4","unsloth","https://www.unsloth.com","N/A","image-text-to-text","N/A","Open-Source (Permissive)","The Qwen3.6-35B-A3B-NVFP4 by unsloth is an advanced AI model. It features robust architecture and broad utility for developer applications.",75,"2026-09-16"
"Qwen3.8-27B-NVFP4","Qwen3.8-27B-NVFP4","Inferact","https://www.inferact.com","N/A","image-text-to-text","N/A","Open-Source (Permissive)","The Qwen3.8-27B-NVFP4 by Inferact is an advanced AI model. It features robust architecture and broad utility for developer applications.",66,"2026-09-16"
"clip-vit-base-patch16","clip-vit-base-patch16","openai","https://www.openai.com","https://icon.horse/icon/openai.com","zero-shot-image-classification","N/A","Open-Source (Permissive)","The clip-vit-base-patch16 by openai is an advanced AI model. It features robust architecture and broad utility for developer applications.",79,"2026-09-16"
"OpenELM-1_1B-Instruct","OpenELM-1_1B-Instruct","apple","https://www.apple.com","https://icon.horse/icon/apple.com","text-generation","N/A","Open-Source (Permissive)","The OpenELM-1_1B-Instruct by apple is an advanced AI model. It features robust architecture and broad utility for developer applications.",86,"2026-09-16"
"parrot_paraphraser_on_T5","parrot_paraphraser_on_T5","prithivida","https://www.prithivida.com","N/A","Multimodal / Text Generation","N/A","Open-Source (Permissive)","The parrot_paraphraser_on_T5 by prithivida is an advanced AI model. It features robust architecture and broad utility for developer applications.",60,"2026-09-16"
"mitra-regressor","mitra-regressor","autogluon","https://www.autogluon.com","N/A","tabular-regression","N/A","Open-Source (Permissive)","The mitra-regressor by autogluon is an advanced AI model. It features robust architecture and broad utility for developer applications.",79,"2026-09-16"
"yolo-world-mirror","yolo-world-mirror","Bingsu","https://www.bingsu.com","https://icon.horse/icon/bingsu.com","Multimodal / Text Generation","N/A","Open-Source (Permissive)","The yolo-world-mirror by Bingsu is an advanced AI model. It features robust architecture and broad utility for developer applications.",71,"2026-09-16"
"bert-tiny","bert-tiny","prajjwal1","https://www.prajjwal.com","N/A","Multimodal / Text Generation","N/A","Open-Source (Permissive)","The bert-tiny by prajjwal1 is an advanced AI model. It features robust architecture and broad utility for developer applications.",80,"2026-09-16"
"flux2-dev","flux2-dev","Comfy-Org","https://www.comfyorg.com","N/A","Multimodal / Text Generation","N/A","Open-Source (Permissive)","The flux2-dev by Comfy-Org is an advanced AI model. It features robust architecture and broad utility for developer applications.",94,"2026-09-16"
"Qwen3.5-122B-A10B-NVFP4","Qwen3.5-122B-A10B-NVFP4","nvidia","https://www.nvidia.com","https://icon.horse/icon/nvidia.com","text-generation","N/A","Open-Source (Permissive)","The Qwen3.5-122B-A10B-NVFP4 by nvidia is an advanced AI model. It features robust architecture and broad utility for developer applications.",71,"2026-09-16"
"CLIP-convnext_base_w-laion2B-s13B-b82K-augreg","CLIP-convnext_base_w-laion2B-s13B-b82K-augreg","laion","https://www.laion.com","N/A","zero-shot-image-classification","N/A","Open-Source (Permissive)","The CLIP-convnext_base_w-laion2B-s13B-b82K-augreg by laion is an advanced AI model. It features robust architecture and broad utility for developer applications.",92,"2026-09-16"
"PowerMoE-3b","PowerMoE-3b","ibm-research","https://www.ibmresearch.com","N/A","text-generation","N/A","Open-Source (Permissive)","The PowerMoE-3b by ibm-research is an advanced AI model. It features robust architecture and broad utility for developer applications.",61,"2026-09-16"
"GLM-5.2-FP8","GLM-5.2-FP8","zai-org","https://www.zaiorg.com","N/A","text-generation","N/A","Open-Source (Permissive)","The GLM-5.2-FP8 by zai-org is an advanced AI model. It features robust architecture and broad utility for developer applications.",76,"2026-09-16"
"wav2vec2-large-xlsr-53-chinese-zh-cn","wav2vec2-large-xlsr-53-chinese-zh-cn","jonatasgrosman","https://www.jonatasgrosman.com","https://icon.horse/icon/jonatasgrosman.com","automatic-speech-recognition","N/A","Open-Source (Permissive)","The wav2vec2-large-xlsr-53-chinese-zh-cn by jonatasgrosman is an advanced AI model. It features robust architecture and broad utility for developer applications.",76,"2026-09-16"
"siglip-so400m-patch14-384","siglip-so400m-patch14-384","google","https://www.google.com","https://icon.horse/icon/google.com","zero-shot-image-classification","N/A","Open-Source (Permissive)","The siglip-so400m-patch14-384 by google is an advanced AI model. It features robust architecture and broad utility for developer applications.",72,"2026-09-16"
"fairface_age_image_detection","fairface_age_image_detection","dima806","https://www.dima.com","N/A","image-classification","N/A","Open-Source (Permissive)","The fairface_age_image_detection by dima806 is an advanced AI model. It features robust architecture and broad utility for developer applications.",83,"2026-09-16"
"OmniVoice","OmniVoice","k2-fsa","https://www.kfsa.com","N/A","text-to-speech","N/A","Open-Source (Permissive)","The OmniVoice by k2-fsa is an advanced AI model. It features robust architecture and broad utility for developer applications.",88,"2026-09-16"
"DNABERT-2-117M","DNABERT-2-117M","zhihan1996","https://www.zhihan.com","N/A","Multimodal / Text Generation","N/A","Open-Source (Permissive)","The DNABERT-2-117M by zhihan1996 is an advanced AI model. It features robust architecture and broad utility for developer applications.",60,"2026-09-16"
"bart-large-cnn","bart-large-cnn","facebook","https://www.facebook.com","https://icon.horse/icon/facebook.com","summarization","N/A","Open-Source (Permissive)","The bart-large-cnn by facebook is an advanced AI model. It features robust architecture and broad utility for developer applications.",92,"2026-09-16"
"esm2_t33_650M_UR50D","esm2_t33_650M_UR50D","facebook","https://www.facebook.com","https://icon.horse/icon/facebook.com","fill-mask","N/A","Open-Source (Permissive)","The esm2_t33_650M_UR50D by facebook is an advanced AI model. It features robust architecture and broad utility for developer applications.",79,"2026-09-16"
"OTel-LLM-27B-IT","OTel-LLM-27B-IT","farbodtavakkoli","https://www.farbodtavakkoli.com","https://icon.horse/icon/farbodtavakkoli.com","text-generation","N/A","Open-Source (Permissive)","The OTel-LLM-27B-IT by farbodtavakkoli is an advanced AI model. It features robust architecture and broad utility for developer applications.",91,"2026-09-16"
"SmolVLM2-500M-Video-Instruct","SmolVLM2-500M-Video-Instruct","HuggingFaceTB","https://www.huggingfacetb.com","N/A","image-text-to-text","N/A","Open-Source (Permissive)","The SmolVLM2-500M-Video-Instruct by HuggingFaceTB is an advanced AI model. It features robust architecture and broad utility for developer applications.",61,"2026-09-16"
"Qwen3-VL-Embedding-2B","Qwen3-VL-Embedding-2B","Qwen","https://www.qwen.com","https://icon.horse/icon/qwen.com","sentence-similarity","N/A","Open-Source (Permissive)","The Qwen3-VL-Embedding-2B by Qwen is an advanced AI model. It features robust architecture and broad utility for developer applications.",78,"2026-09-16"
"parakeet-tdt-0.6b-v2","parakeet-tdt-0.6b-v2","mlx-community","https://www.mlxcommunity.com","https://icon.horse/icon/mlxcommunity.com","automatic-speech-recognition","N/A","Open-Source (Permissive)","The parakeet-tdt-0.6b-v2 by mlx-community is an advanced AI model. It features robust architecture and broad utility for developer applications.",74,"2026-09-16"
"Qwen3-VL-Reranker-2B","Qwen3-VL-Reranker-2B","Qwen","https://www.qwen.com","https://icon.horse/icon/qwen.com","text-ranking","N/A","Open-Source (Permissive)","The Qwen3-VL-Reranker-2B by Qwen is an advanced AI model. It features robust architecture and broad utility for developer applications.",87,"2026-09-16"
"surya-ocr-2","surya-ocr-2","datalab-to","https://www.datalabto.com","N/A","image-text-to-text","N/A","Open-Source (Permissive)","The surya-ocr-2 by datalab-to is an advanced AI model. It features robust architecture and broad utility for developer applications.",71,"2026-09-16"
"Qwen3-Reranker-0.6B","Qwen3-Reranker-0.6B","Qwen","https://www.qwen.com","https://icon.horse/icon/qwen.com","text-ranking","N/A","Open-Source (Permissive)","The Qwen3-Reranker-0.6B by Qwen is an advanced AI model. It features robust architecture and broad utility for developer applications.",87,"2026-09-16"
"Ornith-1.0-9B","Ornith-1.0-9B","ornith-ai","https://www.ornithai.com","N/A","text-generation","N/A","Open-Source (Permissive)","The Ornith-1.0-9B by ornith-ai is an advanced AI model. It features robust architecture and broad utility for developer applications.",60,"2026-09-16"
"vakyansh-wav2vec2-tamil-tam-250","vakyansh-wav2vec2-tamil-tam-250","Harveenchadha","https://www.harveenchadha.com","N/A","automatic-speech-recognition","N/A","Open-Source (Permissive)","The vakyansh-wav2vec2-tamil-tam-250 by Harveenchadha is an advanced AI model. It features robust architecture and broad utility for developer applications.",70,"2026-09-16"
"wav2vec2-xls-r-300m-cs-250","wav2vec2-xls-r-300m-cs-250","comodoro","https://www.comodoro.com","N/A","automatic-speech-recognition","N/A","Open-Source (Permissive)","The wav2vec2-xls-r-300m-cs-250 by comodoro is an advanced AI model. It features robust architecture and broad utility for developer applications.",68,"2026-09-16"
"distiluse-base-multilingual-cased-v2","distiluse-base-multilingual-cased-v2","sentence-transformers","https://www.sentencetransformers.com","N/A","sentence-similarity","N/A","Open-Source (Permissive)","The distiluse-base-multilingual-cased-v2 by sentence-transformers is an advanced AI model. It features robust architecture and broad utility for developer applications.",85,"2026-09-16"
"clap-htsat-unfused","clap-htsat-unfused","laion","https://www.laion.com","N/A","feature-extraction","N/A","Open-Source (Permissive)","The clap-htsat-unfused by laion is an advanced AI model. It features robust architecture and broad utility for developer applications.",79,"2026-09-16"
"wav2vec2-xls-r-300m-mixed","wav2vec2-xls-r-300m-mixed","mesolitica","https://www.mesolitica.com","N/A","automatic-speech-recognition","N/A","Open-Source (Permissive)","The wav2vec2-xls-r-300m-mixed by mesolitica is an advanced AI model. It features robust architecture and broad utility for developer applications.",94,"2026-09-16"
"nllb-200-distilled-600M","nllb-200-distilled-600M","facebook","https://www.facebook.com","https://icon.horse/icon/facebook.com","translation","N/A","Open-Source (Permissive)","The nllb-200-distilled-600M by facebook is an advanced AI model. It features robust architecture and broad utility for developer applications.",94,"2026-09-16"
"Wav2Vec2-large-xlsr-hindi","Wav2Vec2-large-xlsr-hindi","theainerd","https://www.theainerd.com","N/A","automatic-speech-recognition","N/A","Open-Source (Permissive)","The Wav2Vec2-large-xlsr-hindi by theainerd is an advanced AI model. It features robust architecture and broad utility for developer applications.",69,"2026-09-16"
"Meta-Llama-3-8B-Instruct","Meta-Llama-3-8B-Instruct","meta-llama","https://www.metallama.com","https://icon.horse/icon/metallama.com","text-generation","N/A","Open-Weight (Restrictive Commercial)","The Meta-Llama-3-8B-Instruct by meta-llama is an advanced AI model. It features robust architecture and broad utility for developer applications.",73,"2026-09-16"
"chronos-bolt-base","chronos-bolt-base","amazon","https://www.amazon.com","https://icon.horse/icon/amazon.com","time-series-forecasting","N/A","Open-Source (Permissive)","The chronos-bolt-base by amazon is an advanced AI model. It features robust architecture and broad utility for developer applications.",88,"2026-09-16"
"Qwen2.5-VL-32B-Instruct","Qwen2.5-VL-32B-Instruct","Qwen","https://www.qwen.com","https://icon.horse/icon/qwen.com","image-text-to-text","N/A","Open-Source (Permissive)","The Qwen2.5-VL-32B-Instruct by Qwen is an advanced AI model. It features robust architecture and broad utility for developer applications.",79,"2026-09-16"
"wav2vec2-base-vi-vlsp2020","wav2vec2-base-vi-vlsp2020","nguyenvulebinh","https://www.nguyenvulebinh.com","N/A","automatic-speech-recognition","N/A","Open-Source (Permissive)","The wav2vec2-base-vi-vlsp2020 by nguyenvulebinh is an advanced AI model. It features robust architecture and broad utility for developer applications.",73,"2026-09-16"
"faster-whisper-tiny-int8","faster-whisper-tiny-int8","rhasspy","https://www.rhasspy.com","N/A","Multimodal / Text Generation","N/A","Open-Source (Permissive)","The faster-whisper-tiny-int8 by rhasspy is an advanced AI model. It features robust architecture and broad utility for developer applications.",83,"2026-09-16"
"Qwen3-VL-Embedding-8B","Qwen3-VL-Embedding-8B","Qwen","https://www.qwen.com","https://icon.horse/icon/qwen.com","sentence-similarity","N/A","Open-Source (Permissive)","The Qwen3-VL-Embedding-8B by Qwen is an advanced AI model. It features robust architecture and broad utility for developer applications.",67,"2026-09-16"
"tiny-gpt2","tiny-gpt2","sshleifer","https://www.sshleifer.com","N/A","text-generation","N/A","Open-Source (Permissive)","The tiny-gpt2 by sshleifer is an advanced AI model. It features robust architecture and broad utility for developer applications.",61,"2026-09-16"
"bge-small-en-v1.5-onnx-Q","bge-small-en-v1.5-onnx-Q","Qdrant","https://www.qdrant.com","N/A","sentence-similarity","N/A","Open-Source (Permissive)","The bge-small-en-v1.5-onnx-Q by Qdrant is an advanced AI model. It features robust architecture and broad utility for developer applications.",66,"2026-09-16"
"gemma-4-E4B-it-MLX-4bit","gemma-4-E4B-it-MLX-4bit","lmstudio-community","https://www.lmstudiocommunity.com","N/A","any-to-any","N/A","Open-Source (Permissive)","The gemma-4-E4B-it-MLX-4bit by lmstudio-community is an advanced AI model. It features robust architecture and broad utility for developer applications.",79,"2026-09-16"
"vitpose-plus-base","vitpose-plus-base","usyd-community","https://www.usydcommunity.com","N/A","keypoint-detection","N/A","Open-Source (Permissive)","The vitpose-plus-base by usyd-community is an advanced AI model. It features robust architecture and broad utility for developer applications.",81,"2026-09-16"
"layoutlmv3-base","layoutlmv3-base","microsoft","https://www.microsoft.com","https://icon.horse/icon/microsoft.com","Multimodal / Text Generation","N/A","Open-Source (Permissive)","The layoutlmv3-base by microsoft is an advanced AI model. It features robust architecture and broad utility for developer applications.",82,"2026-09-16"
"bge-large-zh-v1.5","bge-large-zh-v1.5","BAAI","https://www.baai.com","N/A","feature-extraction","N/A","Open-Source (Permissive)","The bge-large-zh-v1.5 by BAAI is an advanced AI model. It features robust architecture and broad utility for developer applications.",75,"2026-09-16"
"Kronos-small","Kronos-small","NeoQuasar","https://www.neoquasar.com","N/A","time-series-forecasting","N/A","Open-Source (Permissive)","The Kronos-small by NeoQuasar is an advanced AI model. It features robust architecture and broad utility for developer applications.",77,"2026-09-16"
"all-MiniLM-L6-v2-onnx","all-MiniLM-L6-v2-onnx","Qdrant","https://www.qdrant.com","N/A","sentence-similarity","N/A","Open-Source (Permissive)","The all-MiniLM-L6-v2-onnx by Qdrant is an advanced AI model. It features robust architecture and broad utility for developer applications.",69,"2026-09-16"
"gemma-4-E4B-it-MLX-8bit","gemma-4-E4B-it-MLX-8bit","lmstudio-community","https://www.lmstudiocommunity.com","N/A","any-to-any","N/A","Open-Source (Permissive)","The gemma-4-E4B-it-MLX-8bit by lmstudio-community is an advanced AI model. It features robust architecture and broad utility for developer applications.",63,"2026-09-16"
"nb-wav2vec2-1b-nynorsk","nb-wav2vec2-1b-nynorsk","NbAiLab","https://www.nbailab.com","N/A","automatic-speech-recognition","N/A","Open-Source (Permissive)","The nb-wav2vec2-1b-nynorsk by NbAiLab is an advanced AI model. It features robust architecture and broad utility for developer applications.",86,"2026-09-16"
"wav2vec2-xls-r-300m-hebrew","wav2vec2-xls-r-300m-hebrew","imvladikon","https://www.imvladikon.com","N/A","automatic-speech-recognition","N/A","Open-Source (Permissive)","The wav2vec2-xls-r-300m-hebrew by imvladikon is an advanced AI model. It features robust architecture and broad utility for developer applications.",76,"2026-09-16"
"ms-marco-MiniLM-L-6-v2","ms-marco-MiniLM-L-6-v2","Xenova","https://www.xenova.com","N/A","text-classification","N/A","Open-Source (Permissive)","The ms-marco-MiniLM-L-6-v2 by Xenova is an advanced AI model. It features robust architecture and broad utility for developer applications.",62,"2026-09-16"
"tiny-random-OPTForCausalLM","tiny-random-OPTForCausalLM","peft-internal-testing","https://www.peftinternaltesting.com","N/A","text-generation","N/A","Open-Source (Permissive)","The tiny-random-OPTForCausalLM by peft-internal-testing is an advanced AI model. It features robust architecture and broad utility for developer applications.",74,"2026-09-16"
"gemma-4-E4B-it-MLX-5bit","gemma-4-E4B-it-MLX-5bit","lmstudio-community","https://www.lmstudiocommunity.com","N/A","any-to-any","N/A","Open-Source (Permissive)","The gemma-4-E4B-it-MLX-5bit by lmstudio-community is an advanced AI model. It features robust architecture and broad utility for developer applications.",84,"2026-09-16"
"gemma-4-E4B-it-MLX-6bit","gemma-4-E4B-it-MLX-6bit","lmstudio-community","https://www.lmstudiocommunity.com","N/A","any-to-any","N/A","Open-Source (Permissive)","The gemma-4-E4B-it-MLX-6bit by lmstudio-community is an advanced AI model. It features robust architecture and broad utility for developer applications.",70,"2026-09-16"
"robertuito-sentiment-analysis","robertuito-sentiment-analysis","pysentimiento","https://www.pysentimiento.com","N/A","text-classification","N/A","Open-Source (Permissive)","The robertuito-sentiment-analysis by pysentimiento is an advanced AI model. It features robust architecture and broad utility for developer applications.",79,"2026-09-16"
"LTX-2.3","LTX-2.3","Lightricks","https://www.lightricks.com","N/A","image-to-video","N/A","Open-Source (Permissive)","The LTX-2.3 by Lightricks is an advanced AI model. It features robust architecture and broad utility for developer applications.",75,"2026-09-16"
"vit_small_patch14_dinov2.lvd142m","vit_small_patch14_dinov2.lvd142m","timm","https://www.timm.com","N/A","image-feature-extraction","N/A","Open-Source (Permissive)","The vit_small_patch14_dinov2.lvd142m by timm is an advanced AI model. It features robust architecture and broad utility for developer applications.",74,"2026-09-16"
"Qwen3.5-122B-A10B-FP8","Qwen3.5-122B-A10B-FP8","Qwen","https://www.qwen.com","https://icon.horse/icon/qwen.com","image-text-to-text","N/A","Open-Source (Permissive)","The Qwen3.5-122B-A10B-FP8 by Qwen is an advanced AI model. It features robust architecture and broad utility for developer applications.",68,"2026-09-16"
"deberta-v3-large","deberta-v3-large","microsoft","https://www.microsoft.com","https://icon.horse/icon/microsoft.com","fill-mask","N/A","Open-Source (Permissive)","The deberta-v3-large by microsoft is an advanced AI model. It features robust architecture and broad utility for developer applications.",81,"2026-09-16"
"manga-ocr-base","manga-ocr-base","kha-white","https://www.khawhite.com","https://icon.horse/icon/khawhite.com","image-to-text","N/A","Open-Source (Permissive)","The manga-ocr-base by kha-white is an advanced AI model. It features robust architecture and broad utility for developer applications.",88,"2026-09-16"
"wav2vec2-large-xlsr-53-finnish","wav2vec2-large-xlsr-53-finnish","jonatasgrosman","https://www.jonatasgrosman.com","https://icon.horse/icon/jonatasgrosman.com","automatic-speech-recognition","N/A","Open-Source (Permissive)","The wav2vec2-large-xlsr-53-finnish by jonatasgrosman is an advanced AI model. It features robust architecture and broad utility for developer applications.",64,"2026-09-16"
"medgemma-4b-it","medgemma-4b-it","google","https://www.google.com","https://icon.horse/icon/google.com","image-text-to-text","N/A","Open-Source (Permissive)","The medgemma-4b-it by google is an advanced AI model. It features robust architecture and broad utility for developer applications.",83,"2026-09-16"
"jina-reranker-v2-base-multilingual","jina-reranker-v2-base-multilingual","jinaai","https://www.jinaai.com","https://icon.horse/icon/jinaai.com","text-ranking","N/A","Open-Source (Permissive)","The jina-reranker-v2-base-multilingual by jinaai is an advanced AI model. It features robust architecture and broad utility for developer applications.",92,"2026-09-16"
"Anima","Anima","circlestone-labs","https://www.circlestonelabs.com","N/A","Multimodal / Text Generation","N/A","Open-Source (Permissive)","The Anima by circlestone-labs is an advanced AI model. It features robust architecture and broad utility for developer applications.",92,"2026-09-16"
"whisper-tiny","whisper-tiny","Xenova","https://www.xenova.com","N/A","automatic-speech-recognition","N/A","Open-Source (Permissive)","The whisper-tiny by Xenova is an advanced AI model. It features robust architecture and broad utility for developer applications.",66,"2026-09-16"
"pythia-70m-deduped","pythia-70m-deduped","EleutherAI","https://www.eleutherai.com","N/A","text-generation","N/A","Open-Source (Permissive)","The pythia-70m-deduped by EleutherAI is an advanced AI model. It features robust architecture and broad utility for developer applications.",73,"2026-09-16"
"distilbert-base-multilingual-cased-sentiments-student","distilbert-base-multilingual-cased-sentiments-student","lxyuan","https://www.lxyuan.com","N/A","text-classification","N/A","Open-Source (Permissive)","The distilbert-base-multilingual-cased-sentiments-student by lxyuan is an advanced AI model. It features robust architecture and broad utility for developer applications.",67,"2026-09-16"
"DeepSeek-V3","DeepSeek-V3","deepseek-ai","https://www.deepseekai.com","N/A","text-generation","N/A","Open-Source (Permissive)","The DeepSeek-V3 by deepseek-ai is an advanced AI model. It features robust architecture and broad utility for developer applications.",86,"2026-09-16"
"PP-DocLayoutV3_safetensors","PP-DocLayoutV3_safetensors","PaddlePaddle","https://www.paddlepaddle.com","N/A","object-detection","N/A","Open-Source (Permissive)","The PP-DocLayoutV3_safetensors by PaddlePaddle is an advanced AI model. It features robust architecture and broad utility for developer applications.",86,"2026-09-16"
"specter2_base","specter2_base","allenai","https://www.allenai.com","N/A","feature-extraction","N/A","Open-Source (Permissive)","The specter2_base by allenai is an advanced AI model. It features robust architecture and broad utility for developer applications.",71,"2026-09-16"
"gte-small","gte-small","thenlper","https://www.thenlper.com","N/A","sentence-similarity","N/A","Open-Source (Permissive)","The gte-small by thenlper is an advanced AI model. It features robust architecture and broad utility for developer applications.",80,"2026-09-16"
"bm25","bm25","Qdrant","https://www.qdrant.com","N/A","sentence-similarity","N/A","Open-Source (Permissive)","The bm25 by Qdrant is an advanced AI model. It features robust architecture and broad utility for developer applications.",94,"2026-09-16"
"UAE-Large-V1","UAE-Large-V1","WhereIsAI","https://www.whereisai.com","N/A","feature-extraction","N/A","Open-Source (Permissive)","The UAE-Large-V1 by WhereIsAI is an advanced AI model. It features robust architecture and broad utility for developer applications.",63,"2026-09-16"
"Bonsai-27B-mlx-1bit","Bonsai-27B-mlx-1bit","prism-ml","https://www.prismml.com","N/A","text-generation","N/A","Open-Source (Permissive)","The Bonsai-27B-mlx-1bit by prism-ml is an advanced AI model. It features robust architecture and broad utility for developer applications.",78,"2026-09-16"
"faster-whisper-large-v3","faster-whisper-large-v3","Systran","https://www.systran.com","N/A","automatic-speech-recognition","N/A","Open-Source (Permissive)","The faster-whisper-large-v3 by Systran is an advanced AI model. It features robust architecture and broad utility for developer applications.",73,"2026-09-16"
"1","1","unslothai","https://www.unslothai.com","N/A","feature-extraction","N/A","Open-Source (Permissive)","The 1 by unslothai is an advanced AI model. It features robust architecture and broad utility for developer applications.",83,"2026-09-16"
"bert-large-uncased","bert-large-uncased","google-bert","https://www.googlebert.com","N/A","fill-mask","N/A","Open-Source (Permissive)","The bert-large-uncased by google-bert is an advanced AI model. It features robust architecture and broad utility for developer applications.",71,"2026-09-16"
"bert-portuguese-ner","bert-portuguese-ner","lfcc","https://www.lfcc.com","N/A","token-classification","N/A","Open-Source (Permissive)","The bert-portuguese-ner by lfcc is an advanced AI model. It features robust architecture and broad utility for developer applications.",73,"2026-09-16"
"Ternary-Bonsai-27B-mlx-2bit","Ternary-Bonsai-27B-mlx-2bit","prism-ml","https://www.prismml.com","N/A","text-generation","N/A","Open-Source (Permissive)","The Ternary-Bonsai-27B-mlx-2bit by prism-ml is an advanced AI model. It features robust architecture and broad utility for developer applications.",61,"2026-09-16"
"resnet18.a3_in1k","resnet18.a3_in1k","timm","https://www.timm.com","N/A","image-classification","N/A","Open-Source (Permissive)","The resnet18.a3_in1k by timm is an advanced AI model. It features robust architecture and broad utility for developer applications.",72,"2026-09-16"
"Llama-3.1-8B-Instruct-4bit","Llama-3.1-8B-Instruct-4bit","mlx-community","https://www.mlxcommunity.com","https://icon.horse/icon/mlxcommunity.com","text-generation","N/A","Open-Weight (Restrictive Commercial)","The Llama-3.1-8B-Instruct-4bit by mlx-community is an advanced AI model. It features robust architecture and broad utility for developer applications.",65,"2026-09-16"
"DeepSeek-V4-Flash-DSpark","DeepSeek-V4-Flash-DSpark","deepseek-ai","https://www.deepseekai.com","N/A","text-generation","N/A","Open-Source (Permissive)","The DeepSeek-V4-Flash-DSpark by deepseek-ai is an advanced AI model. It features robust architecture and broad utility for developer applications.",73,"2026-09-16"
"e5-mistral-7b-instruct-bnb-4bit","e5-mistral-7b-instruct-bnb-4bit","gabor-hosu","https://www.gaborhosu.com","N/A","feature-extraction","N/A","Open-Source (Permissive)","The e5-mistral-7b-instruct-bnb-4bit by gabor-hosu is an advanced AI model. It features robust architecture and broad utility for developer applications.",76,"2026-09-16"
"distiluse-base-multilingual-cased-v1","distiluse-base-multilingual-cased-v1","sentence-transformers","https://www.sentencetransformers.com","N/A","sentence-similarity","N/A","Open-Source (Permissive)","The distiluse-base-multilingual-cased-v1 by sentence-transformers is an advanced AI model. It features robust architecture and broad utility for developer applications.",72,"2026-09-16"
"bge-micro-v2","bge-micro-v2","TaylorAI","https://www.taylorai.com","N/A","sentence-similarity","N/A","Open-Source (Permissive)","The bge-micro-v2 by TaylorAI is an advanced AI model. It features robust architecture and broad utility for developer applications.",70,"2026-09-16"
"longformer-base-4096","longformer-base-4096","allenai","https://www.allenai.com","N/A","Multimodal / Text Generation","N/A","Open-Source (Permissive)","The longformer-base-4096 by allenai is an advanced AI model. It features robust architecture and broad utility for developer applications.",70,"2026-09-16"
"wav2vec2-xls-r-300m-bengali","wav2vec2-xls-r-300m-bengali","arijitx","https://www.arijitx.com","N/A","automatic-speech-recognition","N/A","Open-Source (Permissive)","The wav2vec2-xls-r-300m-bengali by arijitx is an advanced AI model. It features robust architecture and broad utility for developer applications.",89,"2026-09-16"
"twitter-xlm-roberta-base-sentiment","twitter-xlm-roberta-base-sentiment","cardiffnlp","https://www.cardiffnlp.com","N/A","text-classification","N/A","Open-Source (Permissive)","The twitter-xlm-roberta-base-sentiment by cardiffnlp is an advanced AI model. It features robust architecture and broad utility for developer applications.",84,"2026-09-16"
"text2vec-base-chinese","text2vec-base-chinese","shibing624","https://www.shibing.com","N/A","sentence-similarity","N/A","Open-Source (Permissive)","The text2vec-base-chinese by shibing624 is an advanced AI model. It features robust architecture and broad utility for developer applications.",70,"2026-09-16"
"GLM-5.2","GLM-5.2","zai-org","https://www.zaiorg.com","N/A","text-generation","N/A","Open-Source (Permissive)","The GLM-5.2 by zai-org is an advanced AI model. It features robust architecture and broad utility for developer applications.",87,"2026-09-16"
"llama-nemotron-rerank-1b-v2","llama-nemotron-rerank-1b-v2","nvidia","https://www.nvidia.com","https://icon.horse/icon/nvidia.com","text-ranking","N/A","Open-Weight (Restrictive Commercial)","The llama-nemotron-rerank-1b-v2 by nvidia is an advanced AI model. It features robust architecture and broad utility for developer applications.",66,"2026-09-16"
"gte-large-en-v1.5","gte-large-en-v1.5","Alibaba-NLP","https://www.alibabanlp.com","N/A","sentence-similarity","N/A","Open-Source (Permissive)","The gte-large-en-v1.5 by Alibaba-NLP is an advanced AI model. It features robust architecture and broad utility for developer applications.",70,"2026-09-16"
"siglip2-so400m-patch14-384","siglip2-so400m-patch14-384","google","https://www.google.com","https://icon.horse/icon/google.com","zero-shot-image-classification","N/A","Open-Source (Permissive)","The siglip2-so400m-patch14-384 by google is an advanced AI model. It features robust architecture and broad utility for developer applications.",89,"2026-09-16"
"camembert-base","camembert-base","almanach","https://www.almanach.com","https://icon.horse/icon/almanach.com","fill-mask","N/A","Open-Source (Permissive)","The camembert-base by almanach is an advanced AI model. It features robust architecture and broad utility for developer applications.",73,"2026-09-16"
"Qwen3-TTS-12Hz-0.6B-CustomVoice","Qwen3-TTS-12Hz-0.6B-CustomVoice","Qwen","https://www.qwen.com","https://icon.horse/icon/qwen.com","text-to-speech","N/A","Open-Source (Permissive)","The Qwen3-TTS-12Hz-0.6B-CustomVoice by Qwen is an advanced AI model. It features robust architecture and broad utility for developer applications.",94,"2026-09-16"
"albert-base-v2","albert-base-v2","albert","https://www.albert.com","N/A","fill-mask","N/A","Open-Source (Permissive)","The albert-base-v2 by albert is an advanced AI model. It features robust architecture and broad utility for developer applications.",62,"2026-09-16"
"Rax-4.5","Rax-4.5","raxcore-dev","https://www.raxcoredev.com","N/A","image-text-to-text","N/A","Open-Source (Permissive)","The Rax-4.5 by raxcore-dev is an advanced AI model. It features robust architecture and broad utility for developer applications.",66,"2026-09-16"
"BiRefNet","BiRefNet","ZhengPeng7","https://www.zhengpeng.com","N/A","image-segmentation","N/A","Open-Source (Permissive)","The BiRefNet by ZhengPeng7 is an advanced AI model. It features robust architecture and broad utility for developer applications.",78,"2026-09-16"
"F5-TTS","F5-TTS","SWivid","https://www.swivid.com","N/A","text-to-speech","N/A","Open-Source (Permissive)","The F5-TTS by SWivid is an advanced AI model. It features robust architecture and broad utility for developer applications.",91,"2026-09-16"
"bert-base-chinese","bert-base-chinese","google-bert","https://www.googlebert.com","N/A","fill-mask","N/A","Open-Source (Permissive)","The bert-base-chinese by google-bert is an advanced AI model. It features robust architecture and broad utility for developer applications.",92,"2026-09-16"
"vit-base-nsfw-detector","vit-base-nsfw-detector","AdamCodd","https://www.adamcodd.com","N/A","image-classification","N/A","Open-Source (Permissive)","The vit-base-nsfw-detector by AdamCodd is an advanced AI model. It features robust architecture and broad utility for developer applications.",80,"2026-09-16"
"Llama-3.2-1B","Llama-3.2-1B","meta-llama","https://www.metallama.com","https://icon.horse/icon/metallama.com","text-generation","N/A","Open-Weight (Restrictive Commercial)","The Llama-3.2-1B by meta-llama is an advanced AI model. It features robust architecture and broad utility for developer applications.",82,"2026-09-16"
"w2v-xls-r-uk","w2v-xls-r-uk","Yehor","https://www.yehor.com","N/A","automatic-speech-recognition","N/A","Open-Source (Permissive)","The w2v-xls-r-uk by Yehor is an advanced AI model. It features robust architecture and broad utility for developer applications.",77,"2026-09-16"
"tiny-random-LlamaForCausalLM","tiny-random-LlamaForCausalLM","trl-internal-testing","https://www.trlinternaltesting.com","https://icon.horse/icon/trlinternaltesting.com","text-generation","N/A","Open-Weight (Restrictive Commercial)","The tiny-random-LlamaForCausalLM by trl-internal-testing is an advanced AI model. It features robust architecture and broad utility for developer applications.",92,"2026-09-16"
"Qwen3.6-35B-A3B-NVFP4","Qwen3.6-35B-A3B-NVFP4","RedHatAI","https://www.redhatai.com","N/A","image-text-to-text","N/A","Open-Source (Permissive)","The Qwen3.6-35B-A3B-NVFP4 by RedHatAI is an advanced AI model. It features robust architecture and broad utility for developer applications.",61,"2026-09-16"
"stable-diffusion-safety-checker","stable-diffusion-safety-checker","CompVis","https://www.compvis.com","N/A","Multimodal / Text Generation","N/A","Open-Source (Permissive)","The stable-diffusion-safety-checker by CompVis is an advanced AI model. It features robust architecture and broad utility for developer applications.",72,"2026-09-16"
"siglip2-base-patch16-naflex","siglip2-base-patch16-naflex","google","https://www.google.com","https://icon.horse/icon/google.com","zero-shot-image-classification","N/A","Open-Source (Permissive)","The siglip2-base-patch16-naflex by google is an advanced AI model. It features robust architecture and broad utility for developer applications.",66,"2026-09-16"
"pubmedbert-base-embeddings","pubmedbert-base-embeddings","NeuML","https://www.neuml.com","N/A","sentence-similarity","N/A","Open-Source (Permissive)","The pubmedbert-base-embeddings by NeuML is an advanced AI model. It features robust architecture and broad utility for developer applications.",85,"2026-09-16"
"wavlm-base-plus","wavlm-base-plus","microsoft","https://www.microsoft.com","https://icon.horse/icon/microsoft.com","feature-extraction","N/A","Open-Source (Permissive)","The wavlm-base-plus by microsoft is an advanced AI model. It features robust architecture and broad utility for developer applications.",72,"2026-09-16"
"turn-detector","turn-detector","livekit","https://www.livekit.com","https://icon.horse/icon/livekit.com","text-classification","N/A","Open-Source (Permissive)","The turn-detector by livekit is an advanced AI model. It features robust architecture and broad utility for developer applications.",93,"2026-09-16"
"qwen3-4b-base-dapo-v4","qwen3-4b-base-dapo-v4","ReliquaryForge","https://www.reliquaryforge.com","N/A","text-generation","N/A","Open-Source (Permissive)","The qwen3-4b-base-dapo-v4 by ReliquaryForge is an advanced AI model. It features robust architecture and broad utility for developer applications.",82,"2026-09-16"
"jina-embeddings-v2-small-en","jina-embeddings-v2-small-en","jinaai","https://www.jinaai.com","https://icon.horse/icon/jinaai.com","feature-extraction","N/A","Open-Source (Permissive)","The jina-embeddings-v2-small-en by jinaai is an advanced AI model. It features robust architecture and broad utility for developer applications.",89,"2026-09-16"
"embedding","embedding","pyannote","https://www.pyannote.com","N/A","Multimodal / Text Generation","N/A","Open-Source (Permissive)","The embedding by pyannote is an advanced AI model. It features robust architecture and broad utility for developer applications.",84,"2026-09-16"
"chronos-t5-small","chronos-t5-small","amazon","https://www.amazon.com","https://icon.horse/icon/amazon.com","time-series-forecasting","N/A","Open-Source (Permissive)","The chronos-t5-small by amazon is an advanced AI model. It features robust architecture and broad utility for developer applications.",68,"2026-09-16"
"repeat","repeat","unslothai","https://www.unslothai.com","N/A","feature-extraction","N/A","Open-Source (Permissive)","The repeat by unslothai is an advanced AI model. It features robust architecture and broad utility for developer applications.",70,"2026-09-16"
"wav2vec2-large-xlsr-korean","wav2vec2-large-xlsr-korean","kresnik","https://www.kresnik.com","N/A","automatic-speech-recognition","N/A","Open-Source (Permissive)","The wav2vec2-large-xlsr-korean by kresnik is an advanced AI model. It features robust architecture and broad utility for developer applications.",66,"2026-09-16"
"gemma-4-26B-A4B-it-FP8-dynamic","gemma-4-26B-A4B-it-FP8-dynamic","RedHatAI","https://www.redhatai.com","N/A","image-text-to-text","N/A","Open-Source (Permissive)","The gemma-4-26B-A4B-it-FP8-dynamic by RedHatAI is an advanced AI model. It features robust architecture and broad utility for developer applications.",69,"2026-09-16"
"e5-base-v2","e5-base-v2","intfloat","https://www.intfloat.com","N/A","sentence-similarity","N/A","Open-Source (Permissive)","The e5-base-v2 by intfloat is an advanced AI model. It features robust architecture and broad utility for developer applications.",93,"2026-09-16"
"DeepSeek-OCR-2","DeepSeek-OCR-2","deepseek-ai","https://www.deepseekai.com","N/A","image-text-to-text","N/A","Open-Source (Permissive)","The DeepSeek-OCR-2 by deepseek-ai is an advanced AI model. It features robust architecture and broad utility for developer applications.",61,"2026-09-16"
"DeepSeek-R1-0528-Qwen3-8B","DeepSeek-R1-0528-Qwen3-8B","deepseek-ai","https://www.deepseekai.com","N/A","text-generation","N/A","Open-Source (Permissive)","The DeepSeek-R1-0528-Qwen3-8B by deepseek-ai is an advanced AI model. It features robust architecture and broad utility for developer applications.",62,"2026-09-16"
"Qwen3.6-35B-A3B-abliterated-v4","Qwen3.6-35B-A3B-abliterated-v4","Bahushruth","https://www.bahushruth.com","N/A","text-generation","N/A","Open-Source (Permissive)","The Qwen3.6-35B-A3B-abliterated-v4 by Bahushruth is an advanced AI model. It features robust architecture and broad utility for developer applications.",87,"2026-09-16"
"wav2vec2-xlsr-nepali","wav2vec2-xlsr-nepali","gagan3012","https://www.gagan.com","N/A","automatic-speech-recognition","N/A","Open-Source (Permissive)","The wav2vec2-xlsr-nepali by gagan3012 is an advanced AI model. It features robust architecture and broad utility for developer applications.",82,"2026-09-16"
"dreamshaper-7","dreamshaper-7","Lykon","https://www.lykon.com","N/A","text-to-image","N/A","Open-Source (Permissive)","The dreamshaper-7 by Lykon is an advanced AI model. It features robust architecture and broad utility for developer applications.",88,"2026-09-16"
"jina-bert-flash-implementation","jina-bert-flash-implementation","jinaai","https://www.jinaai.com","https://icon.horse/icon/jinaai.com","Multimodal / Text Generation","N/A","Open-Source (Permissive)","The jina-bert-flash-implementation by jinaai is an advanced AI model. It features robust architecture and broad utility for developer applications.",93,"2026-09-16"
"timesfm-3.0-pytorch","timesfm-3.0-pytorch","google","https://www.google.com","https://icon.horse/icon/google.com","time-series-forecasting","N/A","Open-Source (Permissive)","The timesfm-3.0-pytorch by google is an advanced AI model. It features robust architecture and broad utility for developer applications.",80,"2026-09-16"
"Qwen2.5-1.5B","Qwen2.5-1.5B","Qwen","https://www.qwen.com","https://icon.horse/icon/qwen.com","text-generation","N/A","Open-Source (Permissive)","The Qwen2.5-1.5B by Qwen is an advanced AI model. It features robust architecture and broad utility for developer applications.",81,"2026-09-16"
"paraphrase-MiniLM-L3-v2","paraphrase-MiniLM-L3-v2","sentence-transformers","https://www.sentencetransformers.com","N/A","sentence-similarity","N/A","Open-Source (Permissive)","The paraphrase-MiniLM-L3-v2 by sentence-transformers is an advanced AI model. It features robust architecture and broad utility for developer applications.",73,"2026-09-16"
"vae-text-encorder-for-flux-klein-9b","vae-text-encorder-for-flux-klein-9b","Comfy-Org","https://www.comfyorg.com","N/A","Multimodal / Text Generation","N/A","Open-Source (Permissive)","The vae-text-encorder-for-flux-klein-9b by Comfy-Org is an advanced AI model. It features robust architecture and broad utility for developer applications.",61,"2026-09-16"
"gemma-4-12B-it-qat-w4a16-ct","gemma-4-12B-it-qat-w4a16-ct","google","https://www.google.com","https://icon.horse/icon/google.com","any-to-any","N/A","Open-Source (Permissive)","The gemma-4-12B-it-qat-w4a16-ct by google is an advanced AI model. It features robust architecture and broad utility for developer applications.",64,"2026-09-16"
"nb-wav2vec2-1b-bokmaal-v2","nb-wav2vec2-1b-bokmaal-v2","NbAiLab","https://www.nbailab.com","N/A","automatic-speech-recognition","N/A","Open-Source (Permissive)","The nb-wav2vec2-1b-bokmaal-v2 by NbAiLab is an advanced AI model. It features robust architecture and broad utility for developer applications.",60,"2026-09-16"
"rtdetr_r101vd_coco_o365","rtdetr_r101vd_coco_o365","PekingU","https://www.pekingu.com","N/A","object-detection","N/A","Open-Source (Permissive)","The rtdetr_r101vd_coco_o365 by PekingU is an advanced AI model. It features robust architecture and broad utility for developer applications.",79,"2026-09-16"